0
0
0
0
0
0
0
0
0
0
0
0
0
0
0
0
0
0
0
0
0
0
0
0
0
0
0
0
0
0
0
0
0
0
0
0
0
0
0
0
217
217
217
217
217
217
217
217
217
217
217
217
217
217
606
606
606
606
606
1253
1253
1075
1060
1060
1060
1060
1060
1060
1060
1060
952
1693
1724
1724
1724
1724
1724
1724
2305
2305
2305
2305
2261
2261
2261
2261
398
1310
1310
92
198
198
910
910
1286
1901
2670
3589
3589
3589
3589
3589
4183
259
259
259
637
1413
2333
3066
3084
3320
3345
4289
2934
3226
3245
3070
3126
3985
4890
5552
6126
6200
7052
7303
7807
7814
8454
8575
8802
9480
10462
11023
11979
12498
12841
13038
13360
14345
14773
14814
14887
15718
16066
16097
16812
17335
18260
18696
18901
19345
19832
20111
20374
21058
21907
22062
22185
22521
22979
23727
24504
24723
25427
26361
27321
28128
28849
29158
29857
30234
30950
31122
31682
31693
31918
32458
32837
32891
33006
33996
34064
34288
34520
34643
35519
35699
35954
36086
36944
37126
37730
38164
38346
38762
39588
40311
40863
40896
41078
40935
41644
42644
42942
43719
44697
45285
45668
45935
46796
47008
47095
48026
48610
49087
49908
50434
51274
51765
52126
52770
53699
54321
55277
55503
56074
56928
57651
58002
58100
58227
58299
58449
58978
59377
59988
60566
61543
62096
62184
62284
62851
62869
63605
63904
64100
64906
65335
65864
66458
66656
67329
67775
68101
68385
68513
68935
69270
69605
69765
70723
71485
72458
73175
74026
74509
74727
74901
75408
75773
76037
76210
76748
77577
77858
78715
79057
79410
79922
80440
80524
80637
81144
81812
82302
82457
83333
83475
84014
84651
85608
86369
87184
87499
88386
88426
88962
89584
90375
90485
91159
91895
92191
92505
92704
93060
93854
94011
94945
95232
95591
95732
95914
96905
96956
97911
98276
98901
99821
100666
100905
101882
101902
102246
103203
103679
103691
104604
105334
106203
106206
106414
106631
107009
107482
108440
108566
109364
109783
109937
110412
110806
111755
111786
112346
112507
112932
113213
114116
114597
115181
115322
116046
116604
117036
117257
117948
118340
118611
119279
119951
120695
121595
121684
122071
122304
123015
123046
123710
123990
124640
124992
125457
125788
126304
127220
128102
128737
129125
129413
130057
130800
131045
131185
131249
131603
131873
132278
133078
133898
134334
135188
135639
136442
137005
137616
138577
139489
140319
141136
141958
142564
143144
143673
144121
144167
144955
145507
145894
146321
147116
147623
147716
148381
149202
149369
149724
150162
150647
150960
150978
151144
151753
152499
152922
153218
153778
154455
155027
155953
156126
156216
156783
157596
157793
158127
158314
158685
159254
159396
160036
160300
160891
161094
161726
161984
162556
163240
163466
164007
164980
165615
166341
167294
167767
168107
168991
169653
170196
170536
170881
171212
171507
172265
173126
173419
174296
175287
175923
176522
177264
177835
178376
179178
179979
180589
181030
181794
182099
182706
183230
183580
184111
184816
185803
186429
187021
187429
187561
188481
188535
188963
189783
190365
191134
191774
192213
192608
193289
193776
194529
194628
194639
194819
194886
195312
196291
197258
198007
198280
198367
198527
199428
199626
199630
200582
201081
201236
202143
202147
202932
203730
204364
204925
204940
205838
205936
206266
206580
207215
208130
208906
209893
210520
211137
211707
212117
212633
213467
214244
214858
215159
215946
216710
217219
217636
218619
219160
219987
220553
221053
221600
222454
222758
223601
224136
224947
225817
226633
227330
227713
228165
228527
228565
229427
230409
230498
231119
231413
232042
232751
233694
234691
235158
235659
236147
236480
237431
237982
238863
239157
240012
240457
240781
241533
242407
242873
243555
244239
245217
245232
246002
246110
246502
246914
247502
248339
248779
249400
249772
250191
250726
251491
252189
252257
252593
253084
253217
253747
254438
254586
254936
255359
256328
256584
257351
258288
258549
258770
258975
259959
260681
261679
261807
262536
262707
263506
264070
264731
265348
265572
265865
265901
266465
267328
268224
268885
269262
269436
270324
270998
271480
272410
272455
272736
272946
273694
274061
274821
275564
275966
276138
277097
277520
278276
278367
278439
279043
279364
280307
280320
281128
281487
282382
282541
282632
283259
284233
285099
285521
285931
286332
287119
287953
288310
288721
289353
289482
289929
290388
290399
290565
291433
292360
292599
293305
293868
294701
295163
295971
296469
297008
297148
297619
298012
298555
299089
299833
300384
300870
301591
301732
302380
303364
304059
304690
304754
305075
305614
306107
306530
307216
307311
308020
308823
309608
309696
309854
310457
311006
311993
312834
312886
313843
314498
315371
315854
315943
316281
316502
317197
317212
317495
318365
318381
319266
319566
320321
320558
320851
321010
321034
321756
322326
322587
323490
323638
323728
324168
324186
324562
325074
326053
326431
327408
327570
328404
328532
329532
329849
330689
331257
331744
332512
333479
333915
333953
334673
334886
335821
335939
336614
337246
337455
338307
338550
338998
339675
339845
340409
341341
341522
341820
342509
343506
343908
343978
344395
344978
345661
346164
346288
347079
347315
348262
348710
349213
349763
350292
350306
350870
351861
352056
352093
352478
352688
353389
353929
354765
355216
356143
356506
357385
357965
358819
359454
360166
360272
361009
361044
361610
362321
362954
363062
363439
364041
364202
364285
364513
365310
366269
366824
367232
368160
368962
369930
370191
370527
371159
371872
372226
372889
373518
374070
374181
374823
375305
375396
376251
376988
377671
378398
379132
379320
380178
380903
381468
382192
383027
383429
383755
384122
384712
384760
385587
386391
387232
387388
388037
388328
389275
389343
389448
389857
390626
390862
391418
391670
392081
392373
392809
393258
393940
394141
394793
395628
396189
396354
396398
397354
398088
398345
398842
398979
399490
400337
401213
402138
402389
403275
403595
404151
404476
405373
406018
406549
407296
407667
408313
409166
409453
410259
410604
411026
411234
411435
412165
412924
413104
413877
414086
414991
415432
416335
416821
417768
418573
419211
420045
420494
420564
420836
420945
421502
421891
422354
423338
423598
423944
424806
425779
426437
427349
427980
428038
428176
428255
428884
429026
429852
430718
431552
431911
432535
432846
433436
434081
434494
435388
435689
435810
436239
436789
437527
437769
438694
439249
439908
440463
440783
440902
441402
441909
442228
442534
443236
443348
443677
443864
443920
444604
445194
445284
446138
447019
447231
448016
448131
448458
448501
448609
449371
449597
449829
450040
450935
451553
452037
452120
452174
452388
452703
453384
454026
454591
455230
455362
455605
456151
456976
457440
457443
458350
458842
459017
459674
459836
460575
460678
461527
462294
462337
463280
464240
464702
465299
465506
465863
466299
466754
467499
468202
468635
469087
469259
470164
470654
471194
471777
472050
473037
473357
474176
474834
475710
475926
476852
477730
478440
479036
479368
479891
480338
481295
481560
481985
482434
483229
484002
484875
485143
485763
486473
486728
487257
487613
487964
487996
488639
488817
489386
489895
490594
491582
491690
492160
492164
492436
492725
492912
493289
493317
493440
493667
494067
494091
494450
495139
495327
495558
495798
496171
496664
496971
497494
498444
498831
499808
500196
500823
501782
502241
502423
502852
503027
503042
503105
503762
504498
504833
504994
505502
506467
506523
506561
507404
508088
508457
508904
509842
510002
510390
510433
511209
511920
512307
512405
512823
513552
513670
514529
514996
515256
515366
515702
515733
516436
517153
517967
518842
519149
519544
520051
520869
521209
521562
522456
522899
522905
523819
524122
524310
524672
524774
525523
525574
526514
527324
527636
528317
529230
529783
529987
530649
530900
531153
532025
532583
532632
532744
533082
533637
534299
534374
534717
535044
535184
535949
536175
537078
537783
538164
539111
539272
539573
539716
540205
540825
541238
542064
542513
542874
543257
544187
545090
545877
546215
546750
547560
548191
548861
549313
549487
550146
550911
551251
552238
552742
552919
553247
554215
554253
554887
555180
555798
556054
556455
556603
557381
557541
558534
558992
559895
560243
560988
561850
562343
562712
563534
563806
564094
564875
565462
566076
566513
567123
568098
568858
568886
569547
570032
570868
570993
571152
571368
571457
572119
572662
573163
574126
574758
575476
576115
576303
577238
577379
577452
577904
578787
579282
579675
580629
581432
582085
582441
583033
583572
584517
585006
585552
585587
586132
586498
587154
587761
588459
588543
588947
589798
590691
590713
590905
591401
591841
592165
592923
593650
594116
594767
595458
596081
597040
597431
597727
598496
599294
599670
599724
600554
601113
601647
602158
603129
603480
604281
604862
605643
606475
607375
608139
608159
608672
608927
609897
610660
611248
611445
612000
612130
612269
612566
612622
613231
613832
614551
615430
616059
616895
617204
617522
618208
618278
618986
619386
620266
620385
620993
621950
622363
622438
623415
623635
623682
624522
624735
624864
625630
625761
625934
626596
627015
627299
627956
628901
629754
630306
630333
631118
631649
632429
632914
633906
634716
634791
634794
635532
636399
636901
637513
638457
638625
639269
639592
640210
640318
640617
640626
640820
641583
641734
642089
642330
642590
643037
643576
643615
644205
644456
645271
645739
646356
647222
647629
648071
648397
649386
650218
650470
651440
651754
652546
653463
653850
654846
655232
655706
656286
657264
657661
658519
658882
658987
659413
660049
660455
661061
661715
661997
662037
662629
662721
662852
663608
663969
664496
665074
665490
665924
666314
667254
667625
668320
669091
669506
670111
671050
671472
671542
671720
672401
673401
673698
674637
675596
676099
676925
677072
677320
678168
678246
678265
678764
679202
679819
680169
680191
681097
681564
682316
683192
683219
684050
684976
685065
685509
686086
686973
687875
688870
689160
689679
690076
690409
691030
691671
692064
692965
693509
693514
694465
694967
695876
696181
696244
696277
696625
696992
697319
698278
699116
699615
700585
701390
701967
702815
703071
703180
703917
704595
705011
705866
706479
706690
706961
707903
708375
709065
709255
709560
710214
710562
711415
711839
712412
712505
712668
713123
713643
714413
714598
714848
715350
715798
716582
717095
717703
718400
718420
719173
720098
721029
721173
721739
722492
723296
723693
723990
724685
724978
725178
725796
726164
726487
726625
727603
727875
728376
729373
730154
730555
730594
730935
730982
731413
731630
732477
732970
733822
734775
735017
735771
735962
736593
737266
737554
738252
738474
739135
739912
740223
740648
741178
741254
741338
742059
742369
742558
742639
742678
743611
743788
744440
744812
745183
745641
746133
746675
747179
747933
748930
749194
749847
750005
750332
751169
751690
752283
753046
753585
754049
754215
754798
755127
755155
755531
755791
756120
756267
757263
757296
757379
757576
758005
758645
759089
759757
760519
760890
760929
761805
762226
762983
763382
764321
764696
765626
765855
765987
766423
767103
767681
767872
768820
768953
769264
770016
770510
771047
771457
772447
772597
773189
773585
774324
774522
774936
775053
775519
776388
777142
778099
778714
779430
779828
780805
781417
781426
782282
782560
783146
783158
783760
784067
784610
784978
785332
785836
786314
786784
787479
788444
789369
790230
790958
791684
792649
792665
792881
793866
794362
795120
795148
795669
796501
796584
797373
797557
797928
798420
798953
799420
799725
799789
799944
800926
801678
801881
802584
803572
803638
804050
804519
805437
806427
807420
807750
808121
808413
809271
809809
810609
810890
811662
812091
812312
812494
812545
813475
813668
813749
813893
814241
814636
814640
815429
816223
816405
817347
817460
817524
818092
818408
818655
818945
819460
819788
819919
820795
821462
821943
822715
822758
823162
823420
823477
824325
825243
826189
826948
827902
828210
828844
829153
829171
829264
829693
830169
831042
831200
831946
832100
832642
833101
833687
834112
834305
834478
835351
835390
836197
836289
836340
836750
836899
837655
838140
838330
839310
839527
839743
840199
840276
840862
841674
842570
843381
843938
844196
844683
844919
844923
845073
845524
846365
846763
846775
847591
847776
847870
848598
848916
849891
849993
850184
850526
851355
851557
852446
853257
853280
853417
854182
854360
854416
855064
855323
855996
856834
857003
857365
857875
858433
858953
859020
859899
860141
860967
861637
862295
862921
863429
863699
864169
864474
864665
865517
865725
866488
866695
867456
867725
868177
868889
869690
870536
870563
871226
871462
871569
871690
872248
872949
873682
873878
874521
874897
874911
874972
875273
875720
876359
876914
877386
877818
878500
879080
879308
880016
880111
880714
881629
882333
882842
883199
884175
884186
885165
886080
886434
886815
887770
888749
888988
889834
890479
891253
891382
892220
892812
892962
893663
894196
894920
895050
895548
896365
897186
897523
897707
897803
898136
898874
898923
899726
900200
901110
901574
901779
902373
902693
903240
903486
904120
904898
905014
905363
905456
906069
906435
906567
906638
907354
907541
907965
908923
909145
909728
909951
910704
910794
911666
911685
911913
912369
913119
913254
913938
914643
915118
915768
915992
916632
917026
917752
917966
918331
919288
920041
920759
921240
922091
922378
922547
922951
923423
924202
925181
925737
926017
926886
927686
927969
928289
928581
929176
929384
929474
929805
930643
931248
931738
931797
932598
932790
933037
933314
934311
934465
935411
935468
936036
936725
936835
937455
937912
938871
939478
939597
940580
941122
941196
941823
942552
943290
943867
944433
944843
945349
945974
946144
946492
947224
947721
947785
948296
948355
949131
949490
949956
950486
951080
951618
952318
952543
953062
953172
953398
953922
953964
954516
955413
955605
955900
956779
957777
957931
958785
959082
959872
960806
961425
962303
962890
963807
964500
965383
965812
966128
967104
967939
968245
969160
969895
970311
970747
970930
971025
971922
972736
972748
973380
973530
973851
973986
974348
974969
974982
975160
975610
976232
976878
977816
978033
978158
978508
979099
979481
979873
980781
981483
982331
982619
983179
983490
984251
984496
984584
985434
986153
986542
987355
987755
987825
988777
989447
990045
990723
990803
991504
992454
993128
993347
994075
994196
994293
995159
995999
996806
997215
997805
997920
998218
998993
999375
999494
999781
1000658
1000914
1001542
1001945
1002182
1002519
1002756
1003444
1004049
1004123
1004290
1005154
1005606
1006373
1006652
1006717
1006979
1007091
1007491
1007808
1007941
1008356
1008856
1009222
1009953
1010480
1011346
1012184
1012522
1013112
1013121
1013245
1013923
1014139
1014591
1015007
1015896
1016553
1016836
1017031
1017197
1018107
1018570
1018622
1019324
1020093
1020740
1020777
1021607
1021711
1022198
1022414
1023114
1023580
1023827
1024822
1025204
1025350
1025704
1026700
1026890
1027359
1027718
1028229
1028689
1029157
1029641
1030314
1031222
1031738
1031889
1032806
1033571
1033650
1034261
1034786
1034976
1035611
1035813
1036549
1037011
1037970
1038561
1039392
1039514
1040165
1040725
1041232
1041564
1041710
1041721
1042462
1042828
1042929
1043504
1043732
1044475
1045159
1045328
1046158
1046722
1046987
1047737
1047887
1048595
1048618
1048934
1049852
1050046
1050294
1050500
1050656
1051021
1051654
1051711
1052590
1053236
1053682
1053948
1054776
1055666
1056356
1056674
1057561
1057890
1058521
1059186
1059372
1060350
1060615
1061246
1061956
1062594
1062617
1062719
1062946
1062998
1063547
1063774
1064358
1064630
1065423
1065775
1066443
1066590
1066657
1067084
1067489
1067771
1068089
1068718
1068797
1069609
1069714
1070127
1070424
1070677
1071353
1072124
1072409
1072684
1072731
1073561
1073678
1073908
1074107
1074437
1075326
1075581
1076112
1076144
1076550
1077170
1077411
1077835
1078495
1079427
1079530
1080390
1080966
1081324
1082270
1082672
1083204
1083735
1084409
1085001
1085200
1085360
1085666
1086333
1087318
1087692
1088403
1088413
1089087
1089499
1090257
1090766
1091235
1091937
1092891
1093816
1094376
1094670
1094689
1095222
1096132
1096574
1097417
1097674
1098196
1099034
1099867
1100786
1101172
1101318
1102286
1103128
1103635
1104379
1104825
1105705
1106591
1107269
1107744
1108339
1109293
1110271
1110402
1111192
1111763
1111969
1112679
1113097
1113982
1114074
1114215
1114956
1115303
1115409
1115465
1115634
1116119
1116618
1117364
1117846
1118774
1118981
1119770
1119974
1120462
1120520
1121490
1122145
1122713
1123202
1124014
1124998
1125506
1126120
1126243
1127164
1127649
1127687
1128141
1128438
1128677
1129599
1129751
1129979
1130018
1130712
1131141
1131991
1132502
1133395
1134305
1134691
1135335
1135354
1135721
1136463
1136485
1137354
1138296
1138892
1139408
1139591
1140260
1140492
1140691
1141559
1142199
1142406
1142434
1143166
1144058
1144762
1145250
1146040
1146412
1147173
1147550
1147732
1148411
1148691
1148931
1149268
1150021
1150183
1150303
1151181
1151251
1151879
1152736
1153425
1153930
1154396
1155140
1156121
1156533
1157184
1157944
1158474
1158708
1159703
1160343
1160762
1160919
1161888
1162054
1162998
1163457
1164359
1165119
1165447
1166294
1166819
1166839
1167308
1167758
1168419
1169106
1169608
1170085
1170997
1171828
1172492
1173460
1173655
1173807
1174408
1174611
1175214
1175746
1175925
1176162
1176583
1177501
1177972
1178716
1179457
1180398
1180965
1181286
1181625
1182611
1183432
1183849
1183962
1184159
1185087
1185569
1185630
1186604
1187101
1187717
1188711
1189704
1189873
1189897
1190386
1190536
1191436
1191872
1192385
1193040
1193809
1194653
1194892
1195603
1195840
1196164
1196399
1196893
1197873
1198134
1199012
1199141
1199469
1199610
1200509
1201141
1201776
1202272
1202915
1203875
1204760
1205573
1206523
1207396
1207570
1207671
1207918
1208450
1208946
1209713
1210236
1210297
1210522
1210904
1211371
1211821
1212148
1212321
1212592
1212853
1213382
1213933
1214874
1214928
1215033
1215214
1215783
1215920
1216774
1217138
1218053
1218427
1218557
1218778
1219720
1220619
1220812
1221761
1222291
1222563
1222736
1223702
1224099
1224985
1225660
1225933
1226698
1226880
1227423
1228420
1229006
1229664
1230008
1230270
1231230
1231794
1232482
1232707
1233041
1233079
1233790
1234387
1234695
1234768
1235003
1235041
1236006
1236955
1237608
1238141
1238587
1238682
1239658
1240579
1241009
1241678
1242299
1242618
1243364
1243494
1244307
1244458
1245320
1245404
1246064
1246541
1246957
1247898
1248141
1248545
1249365
1250232
1250920
1251639
1252568
1253332
1253700
1254569
1254933
1255380
1255652
1256131
1256329
1257112
1257745
1258560
1259170
1259413
1259632
1259714
1260227
1260818
1260929
1261742
1261856
1262705
1263590
1264367
1264817
1265691
1266139
1267024
1267098
1267452
1268244
1268386
1269369
1269905
1270447
1270718
1271676
1272068
1272217
1272493
1272923
1273603
1274497
1274783
1275178
1275436
1276213
1276703
1277537
1277741
1278465
1279198
1280142
1280368
1281012
1281407
1282114
1282769
1283111
1283677
1284608
1285530
1286455
1286625
1286764
1287600
1287799
1288045
1288089
1288380
1288409
1288874
1288984
1289670
1289728
1289916
1290693
1291092
1291316
1291478
1291771
1292347
1293263
1293953
1294301
1295300
1295316
1295778
1296711
1297639
1298388
1299070
1299998
1300279
1300630
1301494
1301636
1301827
1302143
1302512
1302723
1303114
1303295
1303997
1304996
1305450
1305898
1306226
1307144
1308021
1308423
1309039
1309922
1310226
1310263
1310476
1311218
1311394
1312200
1312938
1313148
1313403
1314081
1314465
1315006
1315574
1315927
1316468
1317160
1317297
1318165
1318491
1319146
1319381
1319462
1320078
1320593
1320893
1321048
1321540
1322483
1322824
1323769
1324355
1324431
1325146
1325920
1326176
1326420
1326659
1327120
1328086
1328513
1329385
1330333
1330609
1331382
1331623
1332471
1333175
1334074
1334292
1334453
1335256
1335570
1335649
1335896
1336349
1337010
1337264
1337302
1337504
1338352
1338582
1338849
1339170
1339224
1339764
1340478
1340799
1341181
1341686
1341834
1342487
1343120
1343888
1344378
1345210
1345620
1346355
1347053
1347597
1348542
1349211
1349635
1349672
1349764
1349901
1350398
1350797
1351195
1351346
1351480
1352407
1352801
1353723
1353790
1353984
1354883
1354904
1355106
1355936
1356885
1357417
1357875
1358153
1358600
1359045
1359806
1360632
1360663
1360908
1361823
1362635
1363286
1363772
1364012
1364509
1365142
1365479
1366141
1366790
1367183
1367575
1368391
1368697
1369365
1370013
1370704
1371451
1372094
1372991
1373243
1374017
1374142
1374820
1374895
1375142
1375914
1376533
1377092
1377229
1377407
1377568
1378163
1379076
1379919
1380389
1380942
1381624
1382328
1382496
1382533
1383129
1383884
1384631
1385121
1385661
1385680
1386566
1386876
1387077
1388035
1388985
1389250
1390142
1390484
1390934
1391110
1391648
1392259
1392502
1393372
1393490
1393675
1394527
1395032
1395383
1395457
1396133
1396768
1397425
1397754
1398459
1398962
1399748
1400625
1400837
1401351
1402337
1402724
1403620
1403861
1403918
1404816
1404819
1404822
1405681
1405798
1406337
1407142
1407873
1408576
1409059
1409385
1409651
1410309
1410616
1411023
1411939
1412386
1412925
1413502
1413985
1414296
1414312
1414656
1415508
1416252
1416514
1417316
1417802
1417842
1418255
1418410
1418863
1419108
1419509
1419600
1420171
1420427
1421295
1421979
1422976
1423028
1423229
1423718
1424086
1424563
1425240
1425699
1426634
1427457
1427686
1428608
1428922
1429658
1430137
1431036
1431587
1432025
1432532
1433320
1433478
1433484
1434083
1434398
1434918
1435138
1435188
1435438
1435459
1436354
1437110
1437436
1437882
1438290
1438683
1439214
1439377
1440112
1440816
1441461
1441999
1442673
1443381
1444034
1444294
1444521
1444564
1444589
1445256
1445400
1445731
1446691
1447605
1448210
1448305
1448497
1449314
1449884
1450376
1450980
1451100
1451217
1451302
1451303
1452228
1452389
1452911
1453010
1453176
1453228
1453531
1453774
1454585
1455580
1456317
1456721
1457500
1458221
1458234
1459200
1459769
1460312
1460910
1461787
1462482
1462856
1463082
1463550
1463681
1463723
1464134
1464560
1464878
1465282
1465852
1466119
1466317
1467250
1468052
1468313
1468754
1469599
1470200
1470606
1470732
1471033
1471278
1471355
1471930
1472821
1473725
1474712
1475382
1475982
1476061
1477027
1477873
1478762
1478885
1479766
1479859
1480347
1480958
1481208
1481956
1482638
1482991
1483448
1484386
1484878
1485794
1486033
1486301
1486861
1486985
1487678
1488651
1488908
1489005
1489126
1489829
1490028
1490849
1490926
1490989
1491762
1492139
1492230
1493071
1493160
1493954
1494839
1495801
1496502
1497205
1497810
1498136
1498596
1499406
1500309
1500764
1500966
1501708
1501887
1502533
1502784
1502833
1503389
1504368
1505139
1505920
1506358
1506888
1507492
1507628
1508191
1509077
1509203
1509963
1510524
1511447
1512290
1512587
1513271
1513277
1513586
1514415
1515012
1516007
1516056
1516114
1516186
1516265
1516539
1517392
1517986
1518983
1519081
1519619
1519891
1520126
1520159
1520837
1520961
1521142
1521647
1522135
1523020
1523145
1523253
1523596
1523700
1524541
1524877
1525858
1526130
1526669
1527650
1528287
1528878
1529859
1530618
1530641
1530730
1531234
1531710
1532311
1533200
1533331
1533501
1533683
1533713
1534514
1534801
1535268
1536226
1536550
1537168
1537230
1537427
1537681
1538444
1539047
1540045
1540271
1540820
1541483
1541962
1542902
1543155
1543501
1544057
1544335
1545053
1545636
1545892
1546831
1547224
1547244
1548222
1548482
1548485
1548941
1549678
1550628
1551133
1552036
1552351
1553288
1553510
1553808
1553866
1554064
1554545
1555440
1555605
1555941
1556368
1556720
1557257
1557465
1558412
1558865
1559210
1560207
1560818
1561565
1561799
1562620
1563485
1564008
1564228
1564777
1565129
1565994
1566899
1567828
1568714
1569530
1570003
1570152
1570313
1570415
1570958
1571769
1572109
1572546
1573441
1573702
1574642
1575129
1575678
1576077
1576577
1576594
1577323
1577730
1578141
1578776
1578910
1579623
1580105
1580841
1581030
1582005
1582477
1582801
1583028
1583835
1584122
1584172
1584511
1585118
1585433
1585839
1586229
1586502
1586824
1587071
1587426
1588416
1588449
1588647
1589385
1590370
1590900
1590994
1591835
1592156
1592449
1593052
1593600
1594504
1594738
1595469
1595544
1595662
1596398
1596765
1596788
1596988
1597077
1597849
1598841
1599277
1599446
1600115
1600380
1601317
1601744
1601886
1602624
1603232
1604158
1605103
1605132
1605983
1606419
1606816
1607529
1607944
1608167
1609116
1609475
1609516
1610419
1610705
1611498
1611610
1612181
1612198
1613101
1613168
1614009
1614478
1615125
1615912
1616581
1616641
1616965
1617129
1617763
1618629
1619323
1619819
1620204
1620418
1621150
1621479
1621925
1622402
1622433
1623098
1623152
1623582
1624110
1625064
1625458
1625749
1625897
1626599
1627250
1627772
1628318
1628975
1629621
1630409
1630861
1631292
1632172
1632405
1633210
1633481
1633486
1634123
1634823
1635210
1636167
1636954
1637064
1637262
1637542
1638029
1638817
1639757
1639886
1640663
1641022
1641857
1642818
1643389
1644255
1644320
1644537
1644565
1645562
1646348
1647261
1647973
1648514
1648585
1648760
1649065
1649312
1650264
1650931
1651501
1652331
1653036
1653872
1654597
1654906
1655718
1655851
1656125
1657003
1657696
1658239
1658528
1659369
1660364
1660477
1660867
1661416
1661756
1661934
1662854
1663131
1663191
1664149
1664231
1664259
1664849
1665325
1666036
1666505
1666679
1667652
1667879
1667887
1668496
1668830
1668854
1669169
1669540
1670307
1671117
1672048
1672116
1672745
1672818
1673006
1673388
1673548
1673933
1674810
1675162
1675387
1675559
1676016
1676178
1676228
1676301
1677023
1677760
1678382
1679180
1679586
1680555
1681045
1681777
1682475
1683403
1684213
1684378
1685075
1685268
1685269
1685995
1686103
1686526
1687501
1688039
1688142
1688439
1689002
1689961
1690423
1691309
1691998
1692239
1692320
1692450
1692851
1693006
1693379
1693616
1693765
1693843
1694475
1694671
1695072
1695878
1696621
1697458
1697903
1698422
1699283
1700241
1700448
1701217
1701257
1701534
1701665
1702457
1703185
1703845
1704689
1704736
1705596
1706317
1706629
1706810
1707049
1707834
1708435
1709163
1709424
1709956
1710667
1711525
1711538
1711808
1712494
1713288
1713839
1714039
1714143
1714176
1714397
1714889
1714962
1715479
1716054
1716131
1716854
1717281
1718083
1719026
1719390
1719773
1720374
1721149
1721167
1721917
1722245
1723008
1723468
1723553
1724232
1724255
1724701
1725188
1725684
1725770
1726638
1726762
1726869
1727745
1728154
1728868
1729734
1730573
1730680
1731094
1731530
1732067
1732303
1732784
1732940
1733882
1734620
1734815
1735778
1736098
1736145
1736955
1737816
1738756
1739680
1739784
1739925
1740165
1740533
1740640
1741278
1742176
1742642
1743565
1744079
1744582
1745208
1745383
1745695
1745853
1746672
1747266
1747871
1748557
1748814
1749661
1750206
1751178
1751718
1752507
1753346
1754311
1755266
1755921
1756526
1757027
1757803
1757888
1758518
1758870
1759137
1759268
1759562
1759734
1760434
1760672
1761275
1761982
1762028
1762202
1763078
1763207
1763678
1764061
1764748
1765086
1765722
1766189
1767112
1767578
1767880
1768744
1769353
1769517
1769799
1770159
1770874
1771738
1772142
1772779
1773463
1774210
1775005
1775957
1776512
1776906
1777730
1778193
1778372
1778514
1779181
1779502
1779842
1780759
1781541
1781726
1782606
1783094
1783591
1784037
1784597
1784856
1784952
1785119
1785170
1785257
1785417
1786218
1786513
1787458
1788432
1788676
1789441
1789671
1790194
1790857
1791371
1792188
1792534
1792769
1793763
1794579
1795011
1795366
1796050
1796555
1796687
1797549
1798380
1799240
1799358
1799497
1799644
1800236
1800877
1801468
1802319
1802457
1802830
1803541
1803683
1804101
1804767
1805640
1805714
1805915
1806522
1806696
1807693
1808290
1808585
1808855
1809800
1809930
1810180
1810609
1811015
1811384
1812213
1813132
1813457
1813550
1813712
1814396
1815131
1815926
1816744
1816917
1817092
1817227
1817720
1818592
1819353
1820026
1820210
1820700
1821114
1821553
1822458
1822896
1823001
1823669
1824021
1824761
1825607
1826262
1826699
1826991
1827108
1827245
1827503
1828311
1829223
1830174
1830246
1831053
1831376
1831531
1831548
1832101
1832869
1833773
1834505
1835257
1835767
1836266
1836483
1837273
1837530
1838178
1838361
1838569
1838848
1839732
1839988
1840497
1841491
1842421
1843027
1843303
1843575
1843809
1844241
1844561
1845380
1845748
1846521
1846731
1847020
1847719
1848599
1848869
1849488
1850141
1850372
1850415
1851117
1851458
1851812
1851985
1852965
1853842
1854308
1854463
1854994
1854995
1855055
1855394
1855862
1856819
1857738
1858289
1859267
1859723
1860627
1860834
1861705
1862339
1862860
1863654
1864647
1864811
1865579
1866012
1866857
1867494
1868234
1868320
1868751
1869504
1870377
1870593
1871339
1872122
1872463
1872483
1872558
1873295
1873684
1874113
1875024
1875371
1875976
1876047
1876723
1877443
1877929
1878924
1879411
1879611
1880316
1880829
1880934
1881907
1882677
1882754
1883572
1883606
1883812
1884620
1885251
1886032
1886845
1886895
1887447
1887926
1888745
1889484
1890427
1891195
1892010
1892106
1892373
1893131
1894068
1894773
1895217
1895603
1896215
1897123
1897510
1897633
1897713
1898544
1898819
1899257
1900051
1900476
1900842
1901429
1901529
1902101
1902230
1903029
1903476
1903731
1904526
1904619
1905560
1905808
1906033
1906040
1906962
1907743
1908709
1909002
1909013
1909620
1910497
1910727
1910894
1911754
1912670
1912857
1913085
1913859
1914682
1915504
1916068
1916803
1917476
1918069
1918665
1919190
1919850
1920349
1921291
1922079
1922094
1922159
1922271
1922316
1922935
1922964
1923136
1923198
1923693
1924572
1925480
1925745
1926606
1927352
1927530
1927542
1927752
1928537
1928803
1929409
1929456
1930225
1930327
1930740
1930927
1930964
1931362
1931376
1932144
1932204
1932847
1932983
1933482
1934359
1934460
1934812
1935632
1936348
1936650
1937518
1937641
1938575
1939484
1940261
1940966
1941939
1942550
1942805
1943537
1944114
1945078
1945408
1945807
1946215
1947091
1947279
1948162
1949031
1949099
1949918
1950104
1950279
1950529
1951490
1952401
1952917
1953733
1954094
1954687
1954953
1955701
1956519
1957444
1957569
1957605
1958425
1958510
1959230
1960004
1960023
1960591
1961500
1962231
1962532
1963274
1963769
1964139
1964313
1965016
1966006
1966598
1966908
1967710
1968072
1968133
1968743
1969008
1969723
1970214
1970884
1971168
1971944
1972772
1973070
1973669
1974288
1974383
1975249
1975910
1976084
1977042
1977094
1977099
1977668
1978152
1978583
1979337
1980108
1980615
1981430
1982137
1982433
1982498
1982899
1982991
1983788
1984497
1985472
1986438
1986998
1987131
1987699
1988598
1988769
1989527
1990038
1990807
1991425
1992095
1993004
1993948
1994462
1994719
1995436
1995467
1995489
1995810
1996563
1996842
1997467
1997726
1998226
1998870
1999082
1999569
2000347
2000876
2001310
2002088
2002446
2002928
2003604
2004276
2004298
2004649
2005635
2006119
2007107
2007413
2008204
2008580
2008801
2009011
2009404
2009913
2010413
2011246
2012038
2012992
2013798
2013960
2014577
2014909
2015032
2015539
2015967
2016152
2016642
2017000
2017086
2018069
2018277
2018388
2018412
2018928
2019000
2019676
2020350
2021345
2021988
2022401
2022488
2023261
2023957
2024766
2025114
2025831
2026142
2027048
2027642
2028508
2028957
2029365
2030264
2030534
2031142
2031808
2032439
2033413
2034334
2034792
2035069
2035244
2035948
2036572
2036776
2036794
2037528
2038302
2038482
2039359
2040083
2040267
2040600
2040632
2041275
2041499
2041514
2042372
2042905
2043625
2044299
2044687
2045553
2045945
2046500
2047035
2047197
2047533
2047760
2048210
2048419
2048559
2049334
2050331
2051160
2051555
2051712
2051974
2052268
2052687
2053311
2053789
2053812
2054443
2054623
2055445
2055903
2056570
2056879
2057122
2057853
2058197
2058968
2059228
2059541
2060453
2061084
2061157
2061359
2061965
2062453
2063278
2064018
2064898
2065051
2065941
2066053
2066174
2066715
2067013
2067423
2067563
2068513
2068910
2069178
2069414
2070195
2070246
2071148
2072069
2072825
2073114
2073508
2073961
2074454
2074944
2075607
2076253
2077094
2077561
2077957
2078171
2078636
2078684
2079582
2080354
2080483
2081355
2081527
2082038
2082463
2082734
2083715
2083767
2084077
2084358
2085282
2085866
2086328
2087082
2088033
2088044
2088332
2088989
2089898
2090725
2091596
2092369
2093086
2093110
2093803
2093885
2094386
2094742
2095390
2095414
2095751
2096485
2097105
2097891
2098800
2099014
2099779
2100761
2100922
2101428
2101440
2102261
2103217
2103395
2104383
2104936
2105524
2105823
2105851
2105938
2106690
2107109
2107746
2108743
2108852
2108854
2109647
2110632
2111333
2112036
2112399
2112762
2113007
2113516
2113964
2114227
2115122
2115190
2115976
2116656
2116926
2116940
2117498
2118012
2118524
2119173
2119348
2119524
2119899
2120645
2121275
2121648
2121689
2122096
2122952
2123024
2123494
2124033
2124820
2125808
2126780
2127303
2128301
2128569
2129302
2129847
2130572
2131162
2131871
2132814
2133599
2133992
2134794
2135778
2136465
2136702
2137660
2137816
2138625
2139303
2139443
2139699
2140191
2141172
2141365
2142185
2142825
2143760
2144606
2144987
2145228
2145419
2146147
2146652
2147125
2147555
2147663
2147843
2148076
2148579
2148717
2148823
2149060
2149982
2150291
2150905
2151527
2152274
2152480
2152718
2152854
2153848
2154255
2154449
2154838
2155606
2156327
2156982
2157598
2157989
2158570
2159395
2159907
2160459
2161336
2162082
2162241
2162848
2163817
2164724
2164924
2165511
2165761
2165990
2166511
2167356
2167683
2167987
2168930
2169188
2169887
2170069
2170515
2170640
2171581
2172408
2172465
2172877
2172883
2173110
2174073
2175053
2175144
2175974
2176815
2177018
2177460
2177559
2178435
2178792
2179045
2179705
2180652
2181323
2181738
2182569
2183536
2183906
2184702
2185143
2185781
2186659
2187389
2188059
2188257
2188382
2188590
2189053
2189260
2190070
2190451
2191153
2191306
2192061
2192684
2193619
2193808
2194147
2194286
2194513
2194898
2195036
2195523
2195972
2196408
2196426
2196676
2196838
2196980
2197034
2197496
2197520
2197672
2198591
2198664
2199642
2199843
2200595
2201013
2201097
2201259
2201927
2202098
2202616
2203064
2203492
2204403
2205313
2206181
2206886
2207564
2207664
2208165
2208433
2209188
2209311
2209466
2210145
2210468
2210810
2211577
2211960
2212884
2212975
2213799
2213882
2214063
2214145
2214530
2215128
2215532
2215586
2215800
2216388
2217316
2217677
2217726
2218449
2218836
2218951
2219911
2220326
2221056
2221228
2221777
2222029
2222222
2222437
2222827
2223120
2223202
2223917
2224665
2225471
2226072
2226119
2226939
2226990
2227651
2227666
2228009
2228522
2228797
2229089
2229969
2230006
2230946
2231741
2232280
2232804
2233027
2233078
2233461
2234403
2234430
2234682
2235608
2236215
2236410
2236978
2237163
2237902
2238256
2238771
2239255
2239989
2240597
2240696
2241285
2241318
2242018
2242705
2242809
2242985
2243527
2243602
2244300
2244501
2244846
2245492
2245597
2245834
2246701
2246755
2247482
2247903
2248329
2248731
2249482
2249660
2249684
2250053
2250118
2250242
2250878
2251819
2252671
2252827
2253691
2254216
2255215
2255934
2256690
2257643
2258044
2258194
2258577
2259073
2259513
2260073
2260165
2260684
2261066
2261431
2261665
2261852
2262391
2262400
2263129
2263281
2263724
2263980
2264800
2265128
2265850
2265887
2266626
2267437
2268017
2268734
2269151
2269549
2270060
2270660
2270730
2270801
2270854
2271247
2271676
2272510
2273117
2273135
2273264
2273433
2273788
2274661
2275152
2275229
2275608
2276200
2276980
2277645
2278337
2279096
2279225
2279846
2280011
2280794
2281611
2281612
2282151
2282445
2282644
2282674
2283425
2284154
2284492
2284557
2284711
2285211
2285329
2285697
2286158
2286733
2286890
2287691
2288194
2288918
2289438
2290068
2290145
2290648
2290751
2291546
2291639
2292528
2293294
2293786
2294247
2295102
2295446
2295758
2296563
2297462
2297601
2298195
2299080
2299412
2299427
2300373
2301145
2301814
2302607
2303073
2303650
2303872
2303903
2304372
2305291
2305450
2306344
2307319
2307870
2308339
2309123
2309499
2310099
2310542
2311097
2312095
2313028
2313134
2313238
2314036
2314329
2314760
2315171
2315839
2315902
2316132
2317035
2317788
2318788
2319034
2319842
2320230
2320396
2320450
2320868
2321510
2322020
2322268
2322449
2323386
2324141
2324582
2325056
2325567
2325660
2326390
2326445
2326788
2327749
2328237
2329188
2329980
2330885
2331321
2331978
2332657
2333546
2333966
2333983
2334169
2334559
2335271
2336006
2336021
2336822
2337598
2338580
2339143
2339452
2340422
2341143
2341872
2342344
2342666
2343448
2343748
2343873
2344191
2344255
2345160
2345345
2346312
2347263
2347667
2347897
2348473
2349198
2349460
2349968
2350355
2351148
2351311
2352007
2352134
2352649
2353624
2353686
2353902
2354075
2354698
2355394
2356097
2356303
2357271
2358169
2358874
2359266
2359872
2359922
2360472
2360586
2361200
2361368
2362259
2363059
2363152
2363566
2363832
2363942
2363977
2364916
2365612
2366569
2366689
2367425
2367994
2368890
2369617
2370332
2371086
2371567
2372279
2373271
2373488
2374050
2374509
2374851
2375736
2376246
2376550
2376575
2377372
2378130
2378465
2379309
2379998
2380636
2381559
2382288
2382722
2383464
2383957
2384355
2385089
2385821
2386325
2386938
2386966
2387493
2388039
2388192
2388239
2389225
2389348
2390159
2390514
2391313
2391653
2392228
2392683
2393144
2393558
2394167
2394667
2394821
2395679
2396310
2397110
2397334
2397664
2397845
2398135
2399018
2399545
2399598
2400066
2400356
2400647
2401321
2402059
2402245
2403082
2403932
2404365
2404979
2405789
2406587
2406713
2406793
2407635
2408620
2409618
2410159
2411035
2411816
2412561
2413120
2413902
2414175
2415007
2415687
2415720
2415813
2416322
2417187
2417843
2417853
2418680
2419324
2419792
2419811
2420553
2421050
2422035
2422476
2422483
2422644
2423592
2423844
2423973
2424483
2424800
2425589
2426363
2426912
2427472
2427629
2427772
2427947
2428072
2429071
2429805
2430031
2430795
2431637
2432583
2432610
2432832
2432941
2433244
2433536
2434111
2434273
2435077
2435977
2436928
2437339
2437747
2437816
2438282
2439048
2439661
2440037
2440700
2441585
2442429
2443255
2444230
2444421
2445096
2445801
2446140
2446504
2446960
2447581
2447627
2448014
2448896
2449092
2450042
2450551
2450806
2451073
2451098
2451456
2452002
2452029
2452262
2453243
2453418
2454082
2454421
2454651
2454815
2454931
2455787
2456748
2457411
2457453
2458136
2458226
2458390
2459205
2460063
2460499
2460599
2461203
2461704
2462066
2462379
2463211
2463368
2464349
2464368
2464578
2464702
2465687
2466101
2466136
2466435
2466442
2466716
2467608
2467754
2467896
2468329
2469306
2470071
2470183
2470865
2471406
2472025
2472469
2473145
2473153
2473805
2473881
2474857
2475260
2476183
2476466
2476982
2477630
2478550
2478670
2478750
2478860
2479044
2479479
2480213
2480398
2480557
2480571
2481501
2482460
2483419
2483978
2484181
2484640
2485605
2486032
2486621
2487068
2487860
2488843
2488869
2489131
2489262
2489284
2489327
2489591
2490515
2490695
2491075
2492027
2492946
2493686
2494303
2494933
2495703
2495987
2496471
2497154
2497679
2498057
2498796
2499068
2499883
2500374
2500518
2501408
2501931
2502499
2503018
2503916
2504078
2504865
2505296
2506258
2506486
2507359
2507692
2508671
2509322
2509663
2510278
2510486
2511048
2512028
2512353
2512425
2513187
2513669
2514051
2514549
2514683
2515609
2515828
2516441
2516517
2516532
2516770
2517301
2517651
2517882
2517972
2518835
2519698
2520445
2520935
2521787
2522106
2522547
2522579
2523040
2523101
2523250
2523652
2523749
2524289
2524417
2524749
2524933
2524970
2525407
2525638
2526139
2526555
2527344
2528042
2528299
2528375
2528431
2528866
2529445
2529627
2529934
2530333
2531039
2531163
2531476
2532257
2532511
2532969
2533667
2534662
2535576
2535639
2535890
2536715
2536890
2537129
2537648
2537971
2538395
2539113
2539617
2540517
2541267
2541770
2542283
2543036
2543306
2543404
2544069
2544770
2545050
2545722
2546649
2547374
2547517
2547602
2548246
2548353
2549047
2549238
2549695
2550030
2550141
2550739
2551445
2551762
2552350
2552484
2553169
2553737
2554389
2554566
2554906
2554945
2555540
2556482
2557006
2557487
2557547
2557659
2558386
2558487
2558607
2559138
2559581
2559917
2560019
2560111
2560962
2561140
2561203
2562051
2562798
2563370
2563775
2564401
2565216
2565364
2566027
2566118
2566598
2567501
2568142
2568515
2568695
2569631
2569652
2569831
2570645
2570921
2571058
2571110
2571440
2572325
2572905
2573705
2574457
2575448
2575848
2576083
2576348
2576520
2576528
2577283
2577735
2578125
2578759
2579297
2580288
2580594
2581343
2582324
2582483
2583080
2583767
2584607
2584664
2585604
2585965
2586850
2587630
2588381
2588448
2588528
2588590
2589569
2589763
2589778
2590061
2590675
2590820
2591091
2591907
2592524
2593132
2593823
2593949
2594452
2594885
2595838
2596509
2596517
2597111
2598031
2598367
2598563
2599254
2599639
2600019
2600757
2601610
2601687
2601908
2602782
2603647
2604145
2604958
2605061
2605292
2606278
2606537
2606640
2607639
2607798
2608286
2609003
2609678
2609700
2610425
2610676
2611453
2611929
2612887
2613234
2614185
2614995
2615859
2616369
2616768
2617009
2617276
2618205
2618307
2618847
2619397
2620164
2620407
2620674
2621493
2621584
2621880
2622210
2622374
2622395
2622606
2622757
2623031
2623802
2624536
2625441
2626245
2626557
2626821
2627418
2627960
2628514
2628806
2629154
2629229
2629598
2630283
2630749
2631051
2631735
2631985
2632358
2632968
2633419
2634385
2634395
2634833
2634881
2635680
2636216
2636331
2637192
2637318
2637426
2638340
2638858
2639589
2640157
2641084
2642001
2642417
2643168
2644009
2644943
2645488
2645703
2646427
2647236
2647990
2648619
2648678
2649212
2649600
2650432
2651254
2652164
2652542
2652984
2653794
2654355
2654551
2654916
2655766
2655887
2656680
2657302
2657900
2658243
2658850
2658853
2659831
2659847
2660771
2661696
2662233
2663024
2663635
2663990
2664023
2664438
2665365
2666097
2666991
2667853
2668805
2669436
2669564
2669848
2670008
2670495
2670891
2671022
2671807
2672626
2672938
2673283
2674256
2675019
2675521
2675591
2675782
2676164
2676214
2676638
2677567
2677823
2678363
2679046
2679270
2680114
2680199
2680324
2680940
2681215
2681429
2682350
2682745
2683523
2683547
2684200
2684664
2685292
2686291
2686969
2687779
2687887
2687947
2688250
2689073
2689216
2689488
2689985
2690407
2690870
2691697
2692093
2692820
2693464
2694149
2694447
2694640
2694733
2695075
2695354
2695678
2695934
2696123
2696736
2697114
2697520
2698062
2698260
2698788
2699133
2699647
2700058
2700457
2700767
2701664
2702272
2702634
2702801
2703768
2704631
2705189
2705440
2706212
2706282
2707275
2708139
2708547
2709110
2709238
2709488
2710301
2710897
2710968
2711043
2711639
2712371
2712927
2713882
2714016
2714994
2715136
2716119
2716937
2717644
2717766
2718087
2718251
2718358
2718739
2719362
2719831
2720664
2720704
2721406
2721921
2722572
2722796
2723353
2724236
2725222
2726144
2727081
2728006
2728029
2728956
2729941
2730291
2730413
2730720
2730987
2731193
2731375
2731981
2732804
2732861
2733704
2734522
2735289
2735814
2736213
2736998
2737547
2738098
2738677
2738874
2739256
2739722
2739905
2739910
2740821
2741338
2741728
2741964
2742039
2742687
2743602
2743809
2744079
2744916
2745234
2745279
2745417
2746383
2746667
2746696
2747078
2747729
2748607
2748886
2749883
2750660
2750722
2751448
2751892
2752422
2753368
2753532
2753671
2753778
2754228
2755196
2755876
2756181
2757036
2757250
2757463
2757577
2758254
2758858
2758962
2759195
2759958
2760442
2760670
2760993
2761070
2761281
2761893
2761911
2762361
2762383
2762955
2763890
2764568
2765289
2765664
2765846
2766547
2766584
2767542
2768499
2769205
2769348
2769382
2769869
2770611
2771108
2771455
2772368
2772689
2772845
2773783
2774318
2774375
2775292
2775927
2776680
2777424
2777784
2778190
2778802
2779508
2779671
2780563
2780990
2781402
2782013
2782636
2782974
2783042
2783440
2784271
2785016
2785412
2786115
2786418
2787069
2787843
2788255
2788847
2789428
2789552
2790256
2790591
2790721
2791721
2791881
2792557
2793313
2793674
2794249
2794724
2795394
2796135
2796752
2797375
2797415
2797802
2798646
2799486
2799666
2800517
2801186
2801429
2801729
2802314
2802931
2803381
2804040
2804111
2804690
2805514
2806305
2806369
2807005
2807316
2807410
2807915
2807954
2808843
2808897
2809461
2810345
2811006
2811913
2812082
2812210
2813016
2813571
2813826
2814303
2814659
2814737
2814773
2815732
2815889
2816638
2816673
2817110
2817283
2817412
2817944
2818630
2819507
2820417
2820846
2821246
2821554
2822549
2822845
2823463
2823781
2824657
2825006
2825756
2825763
2826330
2826816
2827042
2827885
2828082
2828955
2829713
2829842
2830716
2830773
2831354
2831915
2832344
2833112
2833247
2833303
2833966
2834270
2835228
2835603
2835723
2836178
2836957
2837289
2837648
2837848
2838314
2839061
2839082
2839154
2839793
2840000
2840371
2840911
2841270
2842105
2842971
2843381
2843604
2844604
2845086
2845310
2845621
2846462
2846945
2847135
2847878
2848003
2848613
2848759
2849042
2849192
2850164
2850307
2850959
2851438
2851483
2851915
2852587
2853329
2854217
2854548
2855226
2855322
2856146
2856753
2857677
2858282
2858948
2859740
2859981
2860783
2861108
2861452
2861661
2862515
2862882
2862960
2863952
2864635
2864752
2865024
2865772
2866058
2866680
2867115
2867815
2868667
2868840
2869211
2869843
2870671
2871432
2871826
2872608
2873526
2873595
2873885
2873949
2874531
2874536
2874787
2875742
2876469
2876822
2877033
2877706
2878391
2878687
2879223
2879730
2880057
2881050
2881793
2882337
2882782
2882825
2883428
2883929
2884757
2884886
2885074
2885503
2886089
2886391
2886895
2887525
2887612
2888411
2888441
2888946
2889539
2890412
2891308
2891535
2892464
2892578
2893086
2893777
2894394
2894665
2895169
2895471
2895993
2896764
2896909
2897638
2898163
2898446
2899123
2899971
2900187
2900259
2900761
2901281
2901388
2901977
2902019
2902571
2902913
2903731
2904031
2904254
2905105
2906053
2906771
2906903
2907010
2907722
2908040
2908469
2908842
2909227
2909487
2909815
2910776
2911215
2911611
2912399
2913270
2914043
2914277
2914854
2915666
2916318
2917188
2917740
2918541
2918548
2919124
2919489
2919673
2920173
2920989
2921813
2921890
2922868
2923073
2923427
2924268
2924764
2925552
2925856
2926542
2927246
2927594
2928095
2928966
2929075
2929713
2929789
2930022
2930398
2931356
2931512
2931949
2932160
2932209
2933077
2933605
2934304
2934943
2935349
2935899
2936798
2936948
2937552
2937930
2938452
2938511
2939347
2939378
2939801
2940065
2940582
2940795
2941460
2942225
2942289
2942577
2943429
2943716
2944239
2945025
2945727
2946504
2946547
2946834
2947072
2947530
2947870
2948190
2949064
2949194
2949943
2950194
2950751
2951157
2951414
2951593
2952332
2952531
2953292
2953593
2953979
2954082
2954862
2955646
2955855
2956797
2957478
2957738
2958170
2958190
2958750
2959748
2960252
2960386
2960418
2961032
2961576
2961773
2962263
2962943
2963188
2963547
2963711
2964577
2965213
2965848
2966283
2966480
2966659
2967214
2967682
2968364
2968600
2968637
2969494
2969622
2969958
2970336
2970792
2971238
2971718
2972708
2972771
2973328
2973547
2973701
2974331
2974379
2975091
2975386
2975538
2975911
2976522
2976860
2977204
2978065
2978279
2978721
2979460
2980328
2980788
2981783
2982638
2982944
2983775
2984613
2984690
2984863
2985174
2985632
2986629
2986810
2987682
2987872
2988195
2988762
2989192
2990063
2990371
2991277
2992109
2992932
2993236
2994183
2994393
2995365
2995791
2996263
2996741
2996999
2997422
2998356
2998446
2999286
2999969
3000559
3000751
3001525
3001636
3002449
3002629
3002859
3003499
3004104
3004818
3005438
3005476
3005816
3005876
3006455
3007083
3008043
3008975
3009642
3009799
3009865
3010480
3011124
3011471
3011545
3012358
3012906
3013856
3014537
3015307
3015762
3016189
3016757
3017256
3017360
3017425
3018119
3018934
3019218
3019506
3020079
3020184
3020487
3021198
3021965
3022559
3023140
3024127
3024209
3024943
3025787
3026140
3026968
3027546
3028226
3028749
3029419
3029847
3030232
3030538
3030860
3031231
3031855
3032609
3032804
3033046
3034034
3034961
3035426
3036055
3036777
3037228
3037357
3038071
3038792
3038807
3039781
3040429
3040524
3041178
3041417
3042095
3042287
3042679
3043140
3043643
3044165
3044441
3044625
3045492
3045555
3045852
3046822
3047807
3048503
3049207
3049443
3050306
3050644
3051079
3051704
3052387
3053278
3054130
3054780
3055757
3056059
3056159
3056728
3057063
3057489
3058391
3058515
3058604
3058974
3059936
3060748
3061592
3061897
3062024
3062140
3062509
3062589
3063277
3064182
3064797
3064914
3065257
3065889
3066293
3066951
3067297
3068009
3068180
3068767
3068792
3068896
3069367
3069580
3070410
3071294
3071445
3071757
3072700
3073328
3073623
3073685
3074438
3074971
3075463
3076387
3076560
3076821
3077030
3077182
3077828
3078013
3078752
3079744
3080534
3080913
3081168
3081596
3082161
3082795
3083225
3084149
3085084
3085328
3085689
3086573
3086708
3086861
3087129
3088035
3088150
3088995
3089072
3089800
3090383
3090432
3090702
3091316
3092176
3092227
3093184
3093761
3094468
3094783
3095360
3096095
3096952
3097011
3097566
3098491
3098991
3099141
3099791
3100468
3101440
3101521
3101887
3102257
3102347
3103096
3103353
3104061
3104828
3105225
3105481
3105939
3106585
3107461
3107535
3107691
3108322
3108999
3109595
3110014
3110096
3110150
3110505
3110659
3111538
3112331
3112554
3112795
3113708
3114223
3114594
3114977
3115234
3115583
3116039
3116280
3116919
3117498
3117553
3118370
3119356
3119774
3120689
3121469
3121946
3122111
3122778
3123627
3123936
3124062
3124730
3124736
3125396
3125750
3126122
3126472
3126955
3127224
3128001
3128929
3128974
3129074
3129417
3130402
3130603
3130723
3130903
3131781
3132193
3132449
3133202
3133695
3134419
3134754
3134915
3135019
3135726
3136346
3137201
3137253
3138023
3138298
3138945
3139437
3140171
3140717
3141421
3142197
3142347
3142625
3143350
3143921
3144858
3145337
3145482
3146328
3146381
3146597
3147572
3148034
3148840
3149738
3150134
3150422
3150557
3151116
3151415
3151704
3152374
3152751
3152753
3153185
3153230
3153335
3154041
3154472
3155044
3155416
3156120
3156336
3156913
3157610
3157864
3158677
3159134
3159574
3160041
3160904
3161774
3162008
3162893
3162979
3163674
3163801
3164269
3164505
3164972
3165594
3166216
3166562
3167241
3167480
3167489
3167848
3168620
3169073
3169680
3170497
3170843
3171542
3172179
3172740
3173310
3174189
3174509
3175481
3175842
3176336
3176999
3177598
3177746
3178188
3178480
3178887
3179440
3179594
3179689
3180684
3181581
3181788
3182237
3183155
3183895
3184129
3184744
3185283
3185869
3186738
3187680
3188545
3188981
3189367
3190100
3190645
3191602
3192502
3193135
3194053
3194281
3195110
3195444
3195752
3196155
3196302
3196809
3196999
3197732
3198555
3199215
3199364
3200186
3200559
3201424
3202305
3202449
3203439
3204218
3204317
3204494
3205372
3206331
3206955
3207301
3207513
3208381
3208706
3209467
3210313
3211003
3211424
3211562
3211575
3211633
3212083
3212790
3213706
3213803
3213863
3213903
3214406
3215390
3216338
3217213
3217581
3217804
3217904
3218805
3219434
3219656
3220200
3220308
3221253
3221955
3222657
3223284
3223285
3223668
3224021
3224114
3224991
3225555
3225935
3226375
3226798
3227587
3227880
3228657
3228812
3229757
3230681
3231094
3231627
3232498
3232606
3233267
3234250
3234563
3235252
3235973
3236090
3236870
3237330
3238328
3239067
3239889
3240754
3241339
3241424
3242409
3242883
3243411
3243633
3244154
3244450
3245174
3245979
3246800
3247211
3248089
3248201
3248363
3249000
3249724
3249981
3250893
3251599
3252489
3253472
3253660
3254015
3254705
3255470
3255893
3255925
3255953
3256303
3256774
3257413
3257471
3258078
3259055
3259168
3260110
3260737
3261110
3261853
3262345
3262620
3263358
3264275
3265077
3265736
3266692
3266862
3267406
3267740
3268531
3268620
3269513
3270077
3270477
3270507
3271024
3271180
3271790
3272161
3272850
3272885
3272915
3272924
3273256
3274052
3274896
3275454
3276404
3277108
3277239
3277830
3278218
3278822
3278991
3279751
3280458
3280663
3281013
3281673
3282284
3282790
3283480
3284021
3284909
3285601
3285929
3286649
3287029
3287741
3288390
3288500
3289469
3289912
3290143
3290845
3291106
3291752
3292078
3292372
3293153
3294087
3294354
3295176
3295504
3296403
3296464
3296499
3297172
3297223
3297507
3297602
3298265
3299111
3300036
3300589
3300713
3300877
3301720
3302460
3302683
3303533
3304178
3304841
3305258
3305830
3306647
3307243
3308001
3308172
3309104
3309843
3310109
3310609
3310849
3311831
3312060
3312156
3312574
3313469
3314292
3315178
3316014
3316187
3317165
3317793
3318564
3319231
3320203
3320698
3321455
3321831
3322489
3323052
3323633
3324247
3324873
3325266
3325302
3326061
3326321
3326594
3327049
3327466
3328274
3329263
3329354
3329608
3329795
3330323
3331299
3331820
3332515
3332633
3333463
3333557
3334170
3334993
3335001
3335495
3336349
3337081
3337631
3337676
3337828
3338035
3338803
3339234
3340226
3340770
3341194
3341808
3342163
3342619
3342645
3342822
3342956
3343132
3343376
3343852
3344347
3345220
3345981
3346704
3346908
3347185
3347440
3347807
3348484
3348806
3348928
3349214
3349972
3350615
3350647
3351395
3351546
3351685
3352313
3352329
3353160
3353321
3353855
3354252
3354601
3355569
3356137
3356215
3356280
3356311
3356852
3357825
3358575
3359529
3360205
3360764
3361729
3362671
3362918
3363681
3364088
3364505
3365192
3365196
3366113
3366312
3366475
3366975
3367313
3367954
3368432
3369302
3370221
3370864
3371716
3371827
3372666
3373603
3373976
3374605
3374930
3375028
3375730
3376481
3376587
3376991
3377582
3377958
3378746
3378771
3378897
3379147
3379161
3380003
3380832
3380860
3381508
3382499
3382925
3383018
3383503
3383968
3384089
3384376
3384937
3385189
3385338
3385692
3386082
3386335
3386351
3387073
3387181
3387898
3388703
3389118
3389774
3389841
3389911
3390300
3390315
3390335
3391179
3391209
3391481
3392283
3392548
3392850
3393788
3394397
3394575
3395310
3395564
3396526
3397032
3397041
3397734
3398122
3398226
3398346
3398748
3398762
3398909
3399650
3399687
3400217
3400293
3400340
3401110
3401817
3401878
3402377
3402471
3403111
3403765
3404041
3404424
3404496
3404804
3405769
3406634
3407543
3408005
3408329
3408996
3409206
3409303
3409487
3410081
3410173
3411107
3411761
3411769
3411966
3412207
3412569
3413280
3414029
3414958
3415065
3415520
3415547
3415922
3416367
3416752
3417671
3417926
3418265
3418913
3419193
3419945
3420643
3420905
3421242
3422112
3422250
3422712
3422939
3423664
3424172
3425083
3425567
3425916
3426046
3426106
3426695
3427096
3427720
3427803
3428359
3429114
3429742
3430302
3430707
3430936
3431386
3432076
3432731
3433485
3434223
3434767
3435743
3436058
3436367
3437278
3437980
3438593
3438827
3439362
3439523
3440424
3440677
3441219
3442199
3442889
3443700
3443799
3444327
3445064
3445226
3445982
3446646
3447542
3448435
3449321
3450217
3450231
3450959
3451365
3451566
3451694
3452373
3452522
3453512
3453609
3454492
3455210
3455783
3455930
3456676
3457545
3458068
3458856
3459644
3460305
3460944
3461646
3461659
3462237
3462323
3463180
3464059
3464630
3465521
3465788
3466241
3466518
3466886
3467463
3468424
3469270
3469646
3470266
3470367
3470460
3470684
3471542
3471770
3472674
3473171
3473925
3474581
3474857
3475656
3476537
3476977
3477039
3478015
3478569
3479152
3479766
3480065
3480324
3480927
3481923
3481958
3482357
3482840
3483608
3484133
3484877
3484954
3485084
3485626
3486458
3486491
3486772
3487391
3487600
3488004
3488675
3488979
3489810
3490553
3491324
3491921
3492856
3492879
3493308
3493759
3493799
3493855
3494373
3494936
3495183
3495464
3495924
3496614
3496688
3496928
3497332
3498042
3498903
3499009
3500009
3500909
3501652
3501714
3502046
3502383
3503029
3503228
3503781
3504175
3504847
3505669
3506490
3507255
3507574
3508247
3509025
3509733
3509963
3510095
3510192
3510683
3511472
3512318
3512598
3513269
3513845
3514575
3515302
3516082
3516446
3517161
3517536
3517901
3518797
3519314
3519983
3520069
3520820
3521322
3522196
3522881
3522896
3523445
3523705
3523844
3524624
3525092
3526071
3526533
3527213
3527431
3528119
3528276
3528861
3529033
3529214
3529826
3530448
3531088
3531576
3531784
3532119
3532597
3533456
3533995
3534264
3534502
3534912
3535658
3536061
3536217
3536341
3536470
3536749
3537080
3537978
3538715
3539280
3540177
3540682
3540994
3541536
3541616
3542262
3542558
3543003
3543985
3544907
3544925
3545508
3545826
3546063
3546479
3547099
3548026
3548476
3548724
3549215
3549860
3550716
3551252
3551347
3551919
3552603
3552819
3553459
3553556
3553847
3554228
3554755
3555492
3556390
3557060
3557074
3557950
3558556
3559077
3560062
3560130
3560163
3560448
3560968
3561868
3562465
3562888
3563828
3564631
3565477
3566405
3566895
3567623
3567894
3568040
3568732
3569006
3569207
3569954
3570596
3570830
3571461
3571526
3572045
3572155
3572197
3572420
3572964
3573941
3574843
3575263
3575655
3576323
3576925
3577588
3578001
3578186
3578442
3579406
3580225
3580362
3580823
3580918
3581284
3582102
3582352
3582564
3582846
3583430
3584075
3584554
3585400
3585499
3586115
3586341
3586827
3587177
3587602
3588553
3588773
3589534
3589891
3590352
3590906
3591780
3592421
3593028
3593746
3594684
3595155
3595626
3596503
3597406
3598374
3599169
3600141
3600500
3600730
3601049
3601615
3601948
3602195
3602591
3602940
3602941
3603789
3604564
3605558
3606287
3606520
3607020
3607153
3607390
3607771
3608267
3608717
3609574
3610398
3610761
3611346
3611688
3611873
3612733
3613230
3613722
3613888
3614526
3615431
3615442
3615574
3616510
3616901
3617881
3617924
3618309
3619014
3619778
3620324
3621095
3621362
3621486
3622443
3623173
3624159
3624657
3625607
3625656
3625880
3626433
3627154
3627752
3628119
3628137
3628824
3629130
3629532
3630269
3630810
3631028
3631585
3632579
3633079
3633277
3633698
3634392
3634783
3635053
3635056
3635077
3635152
3635498
3635605
3635790
3636689
3636862
3637683
3638348
3639260
3639656
3639973
3640150
3640881
3641049
3641782
3641907
3642124
3643110
3643365
3643687
3643963
3644275
3644286
3645054
3645596
3646554
3647509
3647778
3648358
3648479
3648806
3649629
3650400
3650970
3651652
3652182
3652566
3652971
3653492
3653512
3653903
3654527
3654989
3655723
3655754
3655812
3656615
3657218
3657258
3658209
3658271
3658301
3658974
3659517
3659827
3660433
3660675
3661071
3661543
3661991
3662326
3662536
3663273
3663335
3664319
3665168
3666012
3666206
3666870
3667282
3667635
3667659
3668609
3668610
3668862
3669137
3670090
3670869
3671869
3672685
3672889
3673622
3674517
3674783
3675149
3675384
3675781
3676445
3676826
3676945
3677408
3678330
3679262
3680069
3680961
3681228
3681867
3682712
3683340
3684134
3684624
3684687
3685325
3685557
3686298
3686300
3686746
3687716
3688043
3688703
3689453
3689469
3690097
3690721
3691394
3692346
3693143
3693191
3693282
3694086
3694418
3694804
3695236
3695741
3696575
3696903
3697697
3698372
3699279
3699660
3699728
3699821
3700519
3700817
3700939
3701910
3702167
3702748
3703162
3703313
3703915
3704097
3704622
3704790
3705297
3706012
3706244
3706681
3706980
3707048
3707586
3707811
3707908
3708743
3709337
3709446
3709612
3709906
3710756
3711230
3711943
3712224
3712570
3712794
3712949
3713717
3713750
3714589
3715089
3716080
3716441
3717433
3717525
3718093
3718543
3718544
3719124
3719581
3719932
3720205
3720879
3721428
3721811
3721998
3722409
3723089
3724068
3724717
3725377
3726092
3726701
3727323
3728320
3729137
3729598
3730153
3730634
3731178
3732020
3732470
3732728
3733455
3734310
3734967
3735910
3736236
3736675
3736765
3737141
3737626
3737974
3738648
3739494
3739537
3739835
3740831
3741507
3742001
3742802
3743198
3744071
3744716
3745088
3745185
3745529
3745816
3746140
3747011
3747187
3747395
3747504
3747883
3748160
3748474
3748848
3749019
3749154
3749415
3750019
3750976
3751970
3752312
3752867
3753704
3754181
3754736
3755335
3755703
3755860
3756515
3756962
3757794
3758489
3759279
3759431
3760029
3760371
3761184
3761687
3762665
3762711
3763626
3764444
3765019
3765686
3765894
3766652
3766697
3767531
3768281
3769214
3770048
3770686
3770855
3771502
3771972
3772003
3772395
3772412
3772585
3772779
3772927
3773049
3773804
3774183
3774827
3775030
3775614
3776088
3776123
3776373
3777241
3777480
3777959
3778183
3778825
3779560
3779632
3779966
3780481
3780811
3780833
3781819
3782246
3782306
3782590
3782906
3783847
3784609
3785121
3785544
3786298
3786945
3787662
3788313
3788708
3788801
3789368
3790092
3790334
3790787
3790879
3791258
3791283
3791735
3792212
3792606
3793340
3793747
3794470
3794856
3795597
3796481
3796741
3797393
3798134
3798215
3798791
3799008
3799959
3800800
3801045
3801054
3802031
3802811
3802987
3803506
3803853
3804781
3805141
3805952
3806339
3806623
3806677
3806944
3807167
3807950
3808642
3809439
3810349
3810419
3810864
3811217
3811558
3811658
3811869
3812372
3812877
3813788
3814778
3815692
3816327
3816358
3816549
3817246
3817705
3818594
3819299
3819344
3820217
3820665
3821423
3821806
3821895
3822066
3822240
3822882
3823367
3824205
3824760
3825239
3825891
3826158
3827117
3827222
3827381
3828350
3829205
3829734
3830083
3830455
3830942
3830976
3831718
3832068
3832826
3833487
3834033
3834150
3834740
3835131
3835257
3835624
3835686
3836608
3836905
3837893
3837903
3838009
3838253
3839004
3839638
3840048
3840385
3840772
3840871
3841248
3841383
3841586
3841927
3842237
3842358
3842779
3843449
3844034
3844367
3845281
3845378
3845875
3846427
3846490
3847149
3847375
3848261
3848954
3849210
3850073
3850076
3850286
3850799
3851736
3852568
3853082
3853310
3854022
3854266
3855047
3855612
3856011
3856798
3856825
3857622
3858392
3859268
3859443
3859567
3860503
3860519
3860753
3861564
3861586
3862305
3862613
3863421
3863857
3864006
3864994
3865697
3866145
3866232
3866902
3867339
3867855
3868614
3869309
3869354
3870329
3871199
3871948
3872288
3873263
3874261
3875046
3875468
3876098
3876656
3877373
3877982
3878429
3879113
3879400
3879961
3880804
3881700
3882510
3882637
3882712
3883161
3883336
3884130
3884507
3884611
3885309
3885337
3885767
3886755
3887546
3887875
3888204
3888779
3888942
3889216
3889744
3890191
3890783
3891290
3892233
3892998
3893023
3893510
3893717
3894590
3894964
3895945
3896074
3896619
3897579
3898106
3898998
3899540
3899809
3900317
3900678
3901233
3902001
3902543
3903410
3903733
3904700
3905347
