7972
9406 290
5640 989
15413 796
7144 145
8278 391
1291 341
12798 570
15011 233
8718 43
14097 118
11696 762
9986 310
12815 426
9285 368
5966 235
3787 627
7965 58
10295 169
13158 359
1057 387
15605 347
13127 995
13557 553
3643 530
14171 291
14656 971
7868 81
14768 594
12978 628
11385 887
14487 356
193 91
6421 480
7243 970
7518 275
4660 642
6181 434
12940 889
9571 567
3427 285
201 418
15487 261
6370 238
6110 60
4242 519
1938 784
14490 459
4826 638
8154 484
4136 479
2190 315
2440 730
3941 460
7699 439
74 389
3131 234
11030 682
3878 359
14751 700
394 840
9306 364
1367 795
2230 848
8352 463
13795 391
7877 792
14586 116
3946 158
7519 492
13860 952
2360 22
1170 741
1487 31
10379 326
12802 517
14821 3
10872 140
9549 405
1971 581
5307 22
9979 863
13573 380
3090 686
8969 905
8753 484
11504 760
5698 745
4092 912
15488 951
7477 561
4835 106
14044 50
4365 712
10630 935
5140 376
3924 615
6478 769
3330 919
14606 883
15711 983
14718 31
14062 575
5767 594
11655 254
14448 75
15423 714
5076 378
867 776
2993 920
11311 733
7023 18
2843 236
12322 692
2658 944
14006 329
2454 292
9231 19
15018 837
548 56
4363 859
9451 905
13868 662
15130 686
1326 74
5821 852
5846 251
7461 504
5934 7
10396 640
14822 121
8784 227
828 678
13381 982
14834 561
8397 956
8515 519
4860 343
9733 197
764 322
1759 985
5517 428
1251 41
9596 73
14583 831
11312 348
8039 31
12558 715
3988 523
6536 925
5747 436
3897 205
12371 444
291 487
10569 279
14984 263
7639 684
13234 849
15300 325
9377 123
8699 336
9222 458
8894 748
7428 777
11366 219
13526 704
10718 934
10964 960
8001 807
8838 721
12309 309
8255 699
7968 377
6195 716
10197 172
3086 560
4371 11
15225 225
13678 540
5737 379
262 54
8034 115
331 990
11427 68
12076 224
8724 232
9965 123
7978 876
4347 180
7079 255
13799 132
13030 858
2063 182
13258 604
14553 434
8895 182
1904 416
5385 826
1805 723
10565 552
2954 33
4143 182
15859 416
10442 709
10348 1000
14339 298
5044 777
8195 978
3326 588
4669 383
4094 267
12284 861
10083 212
5998 87
14070 931
7591 584
13211 477
9533 821
5677 526
15153 840
1142 491
3817 361
6795 644
11058 929
10823 622
9823 956
8881 226
504 571
3422 854
12673 723
2656 351
394 98
11588 127
10814 72
9492 150
12879 529
5392 399
12353 611
6066 578
1899 977
2784 553
13628 88
13418 100
14682 567
225 18
13922 736
11265 299
569 196
3833 806
5995 429
995 529
3549 594
12927 198
14108 673
5191 446
1761 326
9550 284
1461 128
9111 422
3454 335
7144 335
9982 160
13514 958
7139 762
1523 973
12494 717
9365 851
6671 483
13768 218
7163 174
2664 507
6524 365
3903 264
14772 173
3718 538
4172 829
1480 281
8860 857
4295 342
14163 353
8722 512
8334 518
10810 84
4024 113
1661 507
7183 668
15645 490
12073 155
3513 876
14384 142
8717 539
15858 637
14531 957
4781 761
6594 815
6466 315
13711 887
15224 40
9394 536
12745 622
12258 791
10914 110
15456 674
13329 736
13477 296
10254 314
12146 199
11982 356
764 794
9149 157
1585 934
2264 287
10004 359
3462 141
382 182
12274 991
15724 51
4189 955
9820 365
83 625
11108 920
9138 845
94 239
11344 977
3760 20
3750 344
1985 957
2462 476
3091 12
13208 913
1721 730
13879 869
14548 3
12271 208
1463 217
13544 378
4512 473
15414 958
9679 126
3230 798
13129 419
606 154
8527 475
6693 394
4526 949
15090 31
11262 560
3283 161
12915 425
112 281
9730 903
8771 481
2215 584
14382 141
3109 724
4923 558
4182 432
10943 221
4130 691
8382 392
5647 271
12670 668
142 672
8597 744
11096 900
9257 89
4187 387
14658 233
8090 711
13830 31
12530 664
7028 280
3871 650
11244 352
1484 465
14423 331
4511 516
3630 916
6691 882
13244 635
526 388
2259 288
4174 644
8880 743
9603 245
3053 140
2876 64
2491 354
7641 270
12514 405
12950 800
11791 820
1732 436
3936 854
5006 451
5800 803
3326 563
10242 611
4566 961
1585 912
3246 830
13660 817
12485 822
10635 606
9476 580
8842 529
13731 448
3533 46
15643 788
3476 552
4238 387
10234 427
15101 795
15061 507
1012 93
13426 665
3106 821
10377 167
9115 355
15308 438
7806 485
4662 313
10660 18
646 166
13429 609
10598 746
13396 423
9284 296
4954 560
11810 677
4637 572
10221 926
24 173
2924 90
5256 567
7319 813
8259 197
477 334
4230 187
8868 371
3011 569
3436 142
6175 640
8550 264
711 591
14860 203
7010 632
8625 258
9325 572
13939 684
9371 226
7232 541
1350 973
13907 635
4367 726
5061 953
8118 473
3375 340
3040 884
5012 662
11874 543
2401 340
10831 345
9973 331
2164 295
14326 758
11048 861
6523 293
8857 877
13512 991
9082 636
2424 599
11124 742
13314 571
15489 541
11217 802
6308 801
12125 610
6465 441
940 764
9656 305
15698 607
469 524
10460 350
8528 531
4372 705
10654 987
2919 626
8128 592
13300 408
14149 132
14626 920
6244 54
1241 428
14727 820
3160 582
12980 769
8732 640
4724 439
2365 395
9041 681
14915 487
6835 753
5120 99
11424 11
4458 180
11047 67
11907 426
11713 979
11822 967
10862 749
756 273
13429 87
937 160
8270 901
15458 198
5573 4
2884 952
9620 499
11426 155
8246 907
12495 4
14558 785
2461 798
1196 634
2644 561
8854 15
15490 898
8421 98
6313 330
1550 314
13592 635
15789 915
1354 776
6302 987
10099 627
8253 617
1950 570
8409 410
14959 516
11996 834
3485 777
592 614
9011 301
1279 787
5294 764
741 509
5486 417
1240 983
5585 541
15153 827
3911 566
15635 500
9863 547
5805 854
1759 304
6071 843
4529 535
3808 811
13443 870
8453 816
3449 697
3501 383
7546 452
13541 362
7816 38
8404 862
2035 982
15353 89
13960 621
366 294
4837 629
552 709
13099 943
263 997
7212 467
11156 501
15676 488
15131 333
12699 951
15942 634
7300 881
351 294
14262 855
823 445
2740 324
7587 752
7624 874
10244 466
10265 682
10910 684
1044 978
5496 15
369 770
5819 108
15177 392
15405 412
9752 588
11402 837
11050 440
2170 621
11179 372
956 419
13429 535
3172 765
1296 698
4817 68
2027 336
882 491
12762 133
8766 530
8052 691
349 148
3574 350
7696 423
5797 969
10236 256
15156 767
15370 937
15694 261
2213 221
14446 205
3384 984
15109 722
12171 998
6502 128
5743 729
8754 171
14180 799
1897 564
11006 661
11332 617
6492 224
12023 293
5008 36
6282 564
10585 863
12017 896
14559 661
57 377
2698 174
11312 888
2935 674
14530 482
14216 930
4869 45
3711 281
10109 210
8568 748
13887 367
13495 760
2618 743
2310 402
6159 172
3174 959
7244 423
8309 756
12078 91
2269 72
7948 604
6681 321
7585 943
10841 13
2417 808
5704 359
14806 895
2350 159
11389 91
11649 627
3351 974
1122 866
2517 422
8741 410
264 401
4849 787
11549 834
2851 357
3744 411
2705 632
14922 129
4286 447
9431 459
10798 11
9062 166
2014 868
3147 927
2597 239
10332 706
2081 563
1938 833
2861 462
282 808
12210 498
1226 539
7953 140
5147 471
11754 393
697 543
1275 534
10876 744
1761 551
4190 486
1509 721
11231 141
6939 648
6054 984
8478 695
13279 631
5896 64
1481 321
10243 539
7911 493
5259 423
8195 686
13901 95
7589 709
12685 803
15554 785
10355 88
13318 158
5832 603
8917 549
5297 987
14587 841
346 52
4633 957
6750 655
12177 873
2973 483
366 89
5321 338
14358 221
3788 695
14022 15
4399 283
11028 870
8125 16
4130 885
5786 300
4205 755
663 237
12255 293
3203 159
14957 24
12914 722
2640 570
5099 261
2119 903
10556 148
2621 90
4894 440
4775 18
15415 376
8262 512
9443 979
6922 378
895 977
13054 162
11719 834
3577 128
9211 1000
6514 317
2805 840
2787 568
4363 487
5673 768
878 967
4097 436
1174 38
1139 720
4416 213
313 935
9061 118
7176 675
7255 632
11291 209
14735 852
12598 243
6027 448
8258 677
2615 170
1468 564
8432 932
13088 181
15689 298
15757 689
4110 997
7239 402
11259 70
15773 417
6989 583
14570 683
8514 503
2910 124
6198 791
6752 236
6921 947
7840 448
11550 503
4549 550
1032 529
13222 14
2253 564
13847 991
753 195
11616 37
6617 385
11288 210
1055 701
11493 540
4955 836
11600 451
10518 927
6819 363
4013 879
12953 580
13495 854
3489 635
12514 712
11082 106
12834 737
2831 35
14761 566
460 711
7906 633
4890 108
12020 377
6559 602
15519 161
8252 83
6567 228
1935 797
13258 959
3919 555
6814 408
2684 928
3576 802
4978 968
15167 261
30 336
12925 632
15524 713
1000 354
11130 663
15050 629
13409 552
6465 111
7556 642
4822 482
9140 91
8298 855
10874 737
15105 683
12033 727
880 734
1047 188
14749 858
2396 725
4531 565
9627 724
14730 835
7075 402
6490 326
2331 367
7927 590
2537 48
5116 827
7689 804
11085 841
427 156
13606 649
7592 291
15810 947
5519 68
5336 105
5799 409
4059 769
2674 236
9326 556
3682 252
529 411
10836 292
15165 436
5456 449
4124 682
4093 201
2890 652
7499 835
3494 561
4918 165
9985 44
8485 956
3180 734
6415 257
13929 497
7116 137
9619 511
15637 847
2354 876
3199 925
8797 251
3798 886
798 320
12208 556
3905 325
8656 897
7432 645
7524 531
7890 747
2707 371
3627 646
15867 853
9597 287
6139 806
2530 345
251 422
12164 208
2603 201
8647 730
12788 759
13758 180
6032 773
15944 211
11391 905
9317 441
11531 903
5743 486
8011 947
8836 805
9112 638
3078 834
2283 449
6713 70
10025 272
1519 109
9734 557
10136 389
113 463
11144 984
15791 260
5192 346
15227 862
4655 973
5864 658
1034 912
6679 631
3929 58
3407 138
11615 79
7825 629
4355 142
8001 826
15147 866
4216 834
15153 359
12629 624
13208 311
10870 590
14740 645
10943 413
11300 894
3939 301
6175 121
7694 429
2599 550
10513 738
14899 242
1035 925
6219 555
6270 659
7081 555
5362 320
10401 119
1797 500
12556 507
6792 319
12184 306
4963 702
15842 112
15738 329
7765 187
7218 56
10644 684
4876 590
11270 90
1880 854
11868 881
2285 212
3064 785
15520 115
14588 327
3121 43
14865 108
8777 762
331 226
12794 232
700 211
14815 895
7855 618
5564 484
10427 83
1122 54
10220 214
10442 315
5255 681
8493 642
11919 565
12492 639
15232 132
5193 243
11662 546
5482 825
1645 464
1064 3
3633 907
8214 492
14070 175
2233 657
8277 162
3451 739
4514 103
15196 849
3147 767
9095 43
12603 943
2053 960
11865 462
272 597
7421 207
2599 357
7962 436
4704 455
13451 745
9967 703
15146 433
14849 452
2719 172
1972 905
3202 490
8299 540
2713 583
5947 273
13420 987
9909 320
7553 819
11485 658
2910 876
14904 216
2716 926
1734 878
15646 710
1169 596
10273 332
8285 523
9741 447
11102 957
8758 265
8853 425
7323 449
6665 795
8627 773
7749 873
13928 268
9720 620
13402 710
14097 255
9859 529
13291 356
228 351
13198 32
4037 643
2013 178
9459 569
14563 509
6986 699
11248 988
5255 108
8972 470
7527 4
13185 272
9737 289
13623 187
10657 377
3374 28
14367 123
444 227
6750 400
15253 24
8856 359
12581 689
977 188
13277 231
8703 240
2772 373
4587 493
805 307
11349 523
15742 950
7219 387
10249 977
15278 388
8099 627
8683 959
1882 459
869 182
12971 429
1937 175
3611 15
12143 63
6460 657
4163 736
12876 335
1282 161
1164 508
11379 965
11908 56
3928 38
12330 843
4773 684
11973 369
10497 447
790 938
1126 160
4896 388
6318 43
11820 776
442 711
7815 387
1015 98
5758 418
4446 729
4929 118
1319 859
2808 467
13294 260
5035 110
5602 336
4335 31
7992 703
15530 717
177 814
8845 875
15692 307
109 395
7460 507
10924 818
3123 340
15815 353
12702 894
6067 443
15225 6
15665 914
14693 303
7145 188
8821 362
2873 102
13671 749
7384 51
10199 940
11949 810
8894 312
9155 681
139 913
14225 553
7238 204
4715 662
10985 251
6936 253
6258 872
529 558
2633 49
5899 112
10653 338
11546 555
2598 662
2156 75
7781 343
5331 327
15871 140
4815 765
3495 226
9218 903
11732 705
8267 381
14288 947
14891 161
7731 301
15048 143
15895 489
5113 620
13734 413
9574 826
14115 449
11256 361
340 383
797 930
5192 903
136 787
10223 338
3024 535
12733 810
5079 631
4582 670
4726 452
12598 174
2615 659
12642 765
11492 340
8917 987
4445 504
2465 177
10857 328
13023 968
6403 38
1217 634
13636 293
6931 618
14004 256
4719 401
11580 148
10390 778
5062 160
8206 993
15667 458
2947 903
8201 348
7176 745
10835 862
9640 493
11555 369
8486 822
4397 272
7551 288
6520 781
3008 587
6944 614
404 437
77 610
10381 975
7555 760
1734 28
14275 661
692 485
10930 836
8226 125
780 159
11322 216
11719 89
3168 662
10733 543
4448 501
15108 963
11505 632
8996 718
10519 639
14805 188
14130 935
2984 141
4123 73
2512 452
2277 883
8651 495
4003 393
12063 954
6718 803
6648 653
1887 356
11551 592
587 539
14869 945
745 489
5180 546
8687 35
9286 545
3900 366
4749 656
12856 607
15310 698
15591 84
1387 404
11583 851
15296 893
11614 22
8684 192
8808 496
5129 440
3160 324
6249 758
14007 727
4247 466
9156 651
5905 691
1985 623
2517 959
10002 391
7994 296
11937 769
933 798
11550 376
15342 54
14992 830
11733 559
12601 534
9589 511
13108 971
10392 351
189 801
10153 581
14871 781
3803 832
14340 900
12336 764
14676 20
13474 513
4707 255
10230 970
15164 763
3729 588
5824 197
2075 555
6743 130
7073 139
8354 297
9103 56
9486 609
13976 601
6524 719
13748 879
5458 629
11071 836
3739 309
11686 318
9143 686
8082 70
8322 708
15720 400
4445 880
1586 119
5896 608
15614 957
5416 413
5085 75
3603 977
10497 220
7469 47
14760 840
6515 213
9701 129
5506 766
12446 131
11993 173
8482 662
14604 419
6596 284
2578 657
15472 945
15446 853
13235 552
3037 27
5468 785
8945 531
3536 780
8087 485
12940 992
15074 810
7010 75
1254 3
7152 738
7381 867
5 502
15547 612
13486 944
15624 168
13688 644
14098 323
10989 618
797 108
4381 299
9584 9
6530 194
6354 763
15372 151
10853 355
3056 241
15861 260
7782 447
14072 539
12335 39
11634 590
523 251
8824 815
12420 468
5626 617
2558 866
13713 407
3515 442
2217 326
9496 989
7288 832
10893 252
11147 970
6722 314
3588 792
7081 917
8725 387
4599 996
14649 386
8991 474
13410 580
15075 978
226 397
13067 858
3354 363
13278 105
14706 426
13380 636
6491 406
1006 606
2805 654
4890 282
11224 40
13133 592
6098 92
9793 131
15495 756
10277 361
9336 527
15930 578
9553 416
2922 434
1081 390
46 940
2283 371
15417 695
4672 771
672 415
11618 605
5414 939
1808 422
3102 70
3721 178
14846 681
2600 1000
5338 297
9919 939
2290 959
6384 503
394 826
12633 147
11521 248
4229 848
15022 78
7820 19
1673 499
15233 438
6521 617
13687 350
13833 22
2077 906
10262 467
7021 752
2586 876
10422 27
3894 831
2845 926
6238 89
11661 444
4743 577
5342 887
6467 902
6724 995
5407 290
13945 519
2575 397
2057 333
7608 621
7212 641
4304 393
10939 901
6567 544
7666 5
448 951
13656 502
223 909
9372 305
5451 63
1500 33
2384 348
9687 367
13288 327
13331 959
2643 838
10679 499
1822 970
12911 805
1281 577
785 848
1319 256
4686 109
1548 737
3765 678
9744 416
15622 855
2531 613
12621 211
2931 271
361 942
12372 472
8056 690
14481 190
2174 305
2958 654
13024 348
15165 853
1352 424
11358 573
3302 93
5916 163
15051 455
7879 520
3857 770
3558 185
11919 250
13024 502
7483 448
2355 784
4680 513
8149 608
2892 697
12772 20
3672 753
4896 925
11109 931
5488 144
1081 566
3767 753
3767 804
6922 397
613 297
15250 695
8865 293
15518 200
277 618
10839 368
12858 323
5179 138
13619 978
5326 272
4941 501
823 997
3771 781
8726 401
5216 39
5046 341
1471 47
11691 431
15259 217
5703 847
810 493
2759 852
3799 953
12021 242
15779 754
5793 191
7751 631
6331 673
6739 288
881 698
12526 222
15550 661
3581 777
6155 311
6617 425
254 530
7990 76
2917 84
6484 721
11029 310
14107 189
6628 81
5259 39
12969 933
7606 177
5775 652
15311 372
8 371
732 458
1377 492
13555 542
10310 504
2409 754
15155 997
7755 264
10746 653
8884 158
7365 327
9924 837
7963 521
13773 593
3540 763
941 539
11621 464
3013 166
2324 583
12395 329
3990 28
5450 376
3288 260
11207 329
944 147
13230 996
13825 33
8232 83
4330 197
15116 429
14735 640
6952 444
13263 668
3001 762
8354 371
10042 39
9790 876
15542 421
10519 757
8934 399
10487 939
15306 375
6732 930
11977 229
9190 132
753 436
9027 680
11695 578
15435 191
3755 948
9682 133
2010 311
13344 752
14372 494
10180 537
1204 410
6883 990
10856 150
5927 592
8730 396
2092 739
2687 198
12722 414
15231 117
8668 466
15592 869
14606 754
5932 957
1033 615
1746 716
7255 398
11469 977
14995 612
11807 9
13267 856
15628 278
9610 586
6068 12
12287 602
424 307
3931 543
5183 368
15440 354
14596 504
13240 478
9507 470
12595 695
511 965
11410 925
14389 861
12444 728
3682 726
9745 965
10265 16
10639 216
6634 985
6294 496
1217 758
4754 28
6317 521
9513 832
2135 83
2678 789
1863 184
10497 371
2412 492
7682 533
10873 467
11378 305
3106 64
9184 155
2464 982
1146 752
3091 203
15028 703
3484 988
4822 66
14759 412
3798 469
14891 918
10232 990
3113 993
2986 330
14931 371
14714 292
2258 858
5134 538
3023 800
6169 281
9946 772
11055 429
11616 221
870 182
736 51
4410 930
784 193
14751 81
12146 144
15650 348
13923 395
8760 4
15676 789
493 794
1996 182
6634 942
7449 113
7194 64
13157 568
9085 316
10498 247
13573 290
9959 515
12946 328
11938 131
15060 876
6661 667
5688 481
1359 772
6914 43
8377 404
13064 258
10828 57
14481 848
10144 918
3755 946
5172 759
13747 954
11529 308
5346 634
5222 309
15206 18
7871 93
13810 429
8896 476
10351 873
13863 158
12690 746
9551 154
841 542
2903 459
6215 586
3745 425
5028 193
12532 173
2386 873
8137 39
9227 807
4363 92
7059 51
9639 410
10123 149
6703 756
14070 485
15861 190
1827 980
15040 217
8661 216
9826 456
13648 77
1420 586
5990 812
15448 896
7386 811
4131 557
10429 258
13678 487
918 236
7010 4
2513 150
11721 451
7513 841
10147 398
11424 12
7221 816
8209 185
6985 94
20 728
9005 318
5890 975
5906 102
6496 191
516 342
5842 829
4225 202
12219 889
8228 811
8585 23
15496 137
4226 765
8728 178
13181 56
6223 648
1791 259
4661 673
10186 838
3590 169
11972 362
5918 510
11630 558
5759 520
10143 67
9459 879
14185 242
2383 826
13550 670
10436 658
8645 626
8042 508
13709 270
13652 470
5092 305
6454 191
5402 852
12236 208
6569 763
4527 207
13805 761
15030 269
4819 452
7814 712
12578 801
13210 846
14499 27
13481 663
15776 236
2036 107
12485 121
15290 558
2684 701
12277 733
11399 196
5555 643
12612 376
895 14
3876 61
15390 301
6549 447
3554 639
13497 555
12901 472
10046 432
13787 682
5249 580
1832 228
6536 708
14952 95
12735 603
9017 915
6970 704
4192 509
14156 357
9121 976
14059 11
5399 979
9301 915
6763 354
15059 381
5524 955
13272 979
7830 239
3286 846
3621 645
9168 774
5015 129
2141 838
8806 592
10611 150
647 701
12424 533
4392 724
6168 130
6950 498
13526 817
5180 821
1651 337
12483 184
1670 96
2780 333
8333 738
8798 49
12536 803
8592 474
1408 910
13694 464
15283 205
1435 594
11062 320
6323 547
448 246
15031 634
8566 778
4802 116
7265 349
2896 93
8679 613
10125 366
13351 132
10239 71
9777 716
10414 187
7897 424
10156 958
13536 222
9425 583
9803 223
13849 753
15616 90
8196 872
3590 19
4356 228
4608 456
15305 750
15019 135
12308 684
15355 705
13502 475
14161 650
8088 224
6015 640
7558 394
5615 726
13778 214
3703 365
7758 957
14887 753
3616 718
8417 481
3332 851
8111 287
11878 169
4240 404
12595 472
14917 779
9743 979
4074 556
396 280
2354 869
12742 800
15737 283
13348 320
14435 292
53 595
15476 208
9934 90
847 331
12931 838
13070 605
845 490
12087 59
12565 801
7478 192
7672 247
6725 277
15887 997
4559 154
3020 946
9845 57
5492 568
4224 689
10322 110
5348 620
3459 457
12424 959
10051 607
12657 119
6551 983
1454 542
11789 74
14227 627
14695 729
4613 738
1426 577
2610 566
1193 410
6398 506
7439 625
645 170
7522 348
15200 732
3458 497
8298 64
11639 511
3822 59
15697 776
14750 359
2712 466
11752 530
15642 594
8823 538
3019 700
10171 225
4325 519
3178 110
5707 226
11241 524
9882 42
996 552
11112 897
8594 192
4688 295
4902 879
8584 998
4840 154
15071 854
6939 297
8474 790
8137 934
9748 619
4235 878
11516 587
4210 917
892 693
6564 883
7789 429
4691 316
4380 976
13178 835
8069 306
3068 915
13503 735
4875 416
6708 436
14365 183
6150 95
11501 897
15897 814
4941 12
2738 632
12847 150
6252 321
361 135
6720 362
3186 621
15611 13
15287 178
11795 450
1025 622
12765 646
12317 938
15812 217
2458 125
5406 350
14376 591
14437 382
11972 392
8406 908
10911 702
9925 848
7274 288
15884 560
4585 311
8601 761
9828 245
590 88
3926 850
11840 719
13990 389
11548 813
4979 400
5523 70
10320 952
11105 670
6413 598
14917 678
12445 80
2126 701
8414 950
2229 674
11683 219
4033 728
1044 121
6047 97
12709 866
7045 840
4994 807
14229 409
6087 590
190 115
12243 298
10241 775
11785 382
5363 119
4915 287
2088 877
5945 256
14029 628
1584 403
15324 237
15028 337
11572 237
815 688
3445 605
3301 74
3456 167
563 864
3877 452
5653 767
14370 279
10134 65
6756 262
4400 112
2658 400
4506 317
2100 133
6229 415
5434 500
7582 366
11712 731
10280 527
6017 866
8454 838
5013 338
956 590
4265 9
15430 124
8991 678
9163 216
7637 452
9220 416
15024 889
7462 657
4316 283
11159 195
5517 166
13018 910
9639 463
5483 52
15169 702
13625 769
13063 647
7812 37
14764 830
11060 104
12465 487
247 216
1607 700
11593 466
2342 247
6005 995
5604 382
1216 146
6372 354
11717 996
8671 190
4620 469
4332 359
5201 511
11228 460
7374 468
4651 484
1116 673
10863 908
12179 516
15050 151
5118 917
852 765
4006 79
8566 611
8355 525
4712 190
2617 635
4997 202
9961 736
8133 462
5796 959
6777 591
864 831
15154 122
12666 651
8584 560
791 507
3708 332
14425 146
110 11
13566 741
15345 366
11631 101
5823 575
2444 228
2572 743
6330 684
10685 169
8810 830
15770 564
5976 265
5139 750
1899 150
9330 708
2943 23
2750 316
12028 918
12282 194
4314 248
8897 206
13883 156
10532 365
2640 633
9229 57
12934 879
14748 646
15231 446
7499 266
8324 828
13045 890
5859 690
9598 318
15712 887
7423 329
5862 631
4142 665
9611 186
3605 978
15482 265
5522 631
3711 710
10972 638
3803 23
15663 102
14890 227
5216 52
8148 549
4513 227
339 584
7532 272
7846 793
5536 352
5938 668
9297 147
6029 67
15714 427
14680 405
8272 282
8803 318
10200 629
344 79
8088 812
9819 105
14174 413
4128 297
14124 253
15202 676
9021 771
10623 285
10670 275
14959 47
5982 830
771 117
14000 230
1835 199
12858 330
5493 889
10669 255
15369 531
5059 32
12427 406
11061 620
2489 241
14647 424
2045 660
11586 932
15346 103
12521 860
13644 576
5281 358
654 946
15423 402
4963 532
1048 531
14582 674
3475 592
7112 199
4572 160
11975 306
6767 667
10413 985
12846 374
1799 711
5521 10
15534 674
10511 412
10763 758
1925 509
1961 469
15648 702
6846 954
9429 925
13248 560
5381 294
15041 19
5120 533
10091 910
14858 442
6980 843
4691 257
15236 522
2348 838
7015 833
5371 919
2781 386
7340 146
3787 968
5407 842
10360 507
5903 744
293 446
14501 880
8579 886
1865 678
15616 475
15431 595
3580 954
4553 978
1642 131
1392 790
12764 571
11816 206
5091 710
15407 418
7600 885
2265 92
14154 141
99 741
9771 347
1938 106
6286 56
3941 169
1026 485
2283 499
13951 746
4857 482
10173 928
6911 207
13485 789
8072 204
7273 488
8567 58
8925 970
7806 655
6164 568
7728 489
6703 812
4138 984
15696 508
5931 614
7861 123
4063 921
4818 485
12887 38
12881 454
3033 297
15350 239
7459 922
2088 152
6616 228
4599 39
2524 694
7835 429
14565 850
10848 511
880 893
10873 910
389 386
11451 644
15815 19
113 367
12596 742
12270 22
3383 869
14909 942
4432 596
6165 516
12633 183
9152 669
3408 232
13572 199
2356 868
6997 640
6014 207
13787 28
10889 732
6555 892
8953 704
4953 488
12772 790
4157 372
5249 761
3751 377
6143 182
10957 679
10261 280
11605 240
12620 337
10896 753
2927 162
4108 120
4461 878
947 70
11309 628
7573 857
7585 689
7164 505
1642 466
12537 744
3407 981
10638 412
11669 651
8107 760
6723 530
6568 234
9564 995
5289 640
929 419
7029 157
7670 969
2197 166
5922 944
12142 459
13577 902
10882 760
11819 328
10243 847
9642 525
11422 20
3231 469
5605 450
8255 661
4177 687
12664 502
3244 477
9862 912
3699 831
8104 664
2937 968
4166 195
2311 152
1218 601
5350 203
12726 603
6814 532
14351 179
8341 237
5135 421
13612 918
7778 471
4011 744
15598 741
10782 941
3140 567
11261 321
9361 339
5112 986
10180 821
3260 417
9055 113
2508 197
6547 928
9658 482
5188 61
9071 974
3771 497
7965 616
2613 994
8949 993
14288 169
8593 24
13371 489
2337 150
8221 900
10102 436
11205 513
4328 655
5280 769
9024 844
3133 239
3025 711
15231 237
5863 324
9326 235
3188 494
14611 980
15373 261
9540 878
15179 129
2897 328
14628 141
6001 899
13676 632
14764 635
3571 496
6673 643
4391 960
10887 885
3395 813
6887 950
9706 873
185 174
13125 101
6435 247
4845 532
5751 496
3024 767
2074 523
4854 61
5278 225
613 382
8323 467
15677 450
13023 327
5302 173
7476 271
5053 261
5964 529
12921 551
12360 941
1322 54
884 105
9452 181
2868 569
1618 137
89 854
15630 364
2768 915
9445 374
14025 130
1578 221
9344 942
10985 899
4398 193
7297 949
5317 530
746 272
10731 173
6924 966
4094 397
15046 886
8538 675
10361 273
9685 765
8918 182
430 543
11090 997
12660 586
4672 658
9626 344
15638 262
2410 960
2965 564
6172 688
6329 225
253 334
12215 38
15696 711
15631 597
8260 308
14970 73
12403 235
13998 38
11780 965
5767 949
14692 653
15938 533
1436 446
12064 95
10613 976
13408 921
3413 430
1479 669
14076 621
10369 319
5304 746
12848 130
15044 813
8648 151
11393 862
11875 84
15410 660
9065 477
14825 416
4044 941
936 243
2182 404
8952 820
3048 867
2592 688
11242 719
2401 929
7425 764
14581 368
7914 869
10077 364
15704 447
13479 272
8211 479
9544 198
1444 783
13760 633
10362 815
5052 610
9386 243
8649 219
8841 82
6131 513
8085 591
11928 111
10331 813
13146 114
11139 849
738 885
2631 777
15659 450
351 874
3234 448
13545 885
8177 74
9231 354
7204 792
7467 142
216 983
13636 536
8909 542
13740 271
13647 958
14559 392
10106 149
2024 276
3087 430
2886 680
13086 894
10141 286
3007 395
1735 258
5554 777
3135 490
6576 834
13449 204
2151 724
5650 733
2001 944
9773 226
3277 644
3750 395
11938 707
8218 655
2656 342
9932 566
5841 931
13639 922
2691 925
14931 170
13134 139
6574 836
5502 199
12904 246
12023 44
1432 291
352 29
1253 465
7351 110
959 686
11884 58
11203 188
4380 777
10941 399
7493 224
11872 162
6418 293
1789 576
10260 916
1245 690
3248 348
1228 999
3392 16
11423 462
9717 933
339 928
5094 749
2971 682
2261 928
12080 281
7895 351
9970 864
8276 142
5823 191
8274 316
4464 369
5279 211
10655 391
3706 181
14948 702
337 999
12382 454
8651 448
8207 328
13319 918
256 877
10117 402
12885 616
3807 883
2806 304
5366 37
5424 213
6263 742
1139 176
4034 806
749 738
13196 210
5336 255
12538 678
12350 384
15652 541
10717 568
2422 353
10039 541
8187 692
132 137
15648 868
6021 326
3457 655
11469 235
2836 81
9628 616
9403 515
15238 300
8097 155
11443 492
3839 943
15395 341
11639 945
8025 586
4156 76
12970 715
11479 774
5360 256
7972 244
4250 239
13100 461
6430 966
8432 427
8089 872
12901 948
8387 276
7570 773
2592 241
15093 848
2682 704
595 899
2698 218
520 161
6601 803
6708 314
14833 79
4318 247
5957 453
6577 661
13332 254
1688 38
2097 202
9146 848
8058 230
13071 267
9365 321
8213 54
3098 540
1942 714
14990 321
139 382
10280 505
14732 148
14973 653
14336 633
6666 768
13670 490
4873 832
11217 410
15165 735
5492 698
1599 544
2471 945
6491 669
12162 424
10829 37
1237 92
12293 137
3223 497
3157 399
5505 398
13174 151
14119 134
7870 927
12799 394
13269 922
11211 67
105 194
1387 899
13630 21
9898 202
3209 830
9214 949
8926 532
8645 458
11818 278
1495 447
12916 445
6684 761
6827 826
7466 31
3651 245
14554 915
11950 812
5885 651
9080 486
13684 240
6508 497
9612 633
1213 337
4875 662
14230 649
1669 393
6038 392
11577 816
9658 306
12551 668
3598 648
10367 691
8923 747
7005 643
11625 897
9882 252
9465 774
10924 125
5862 678
5531 75
6223 247
10883 772
8854 619
4715 559
9612 137
11411 178
10248 161
10580 595
3907 913
821 843
4153 470
13254 553
14251 682
6118 704
8087 168
3850 37
12150 596
6160 755
3070 747
5394 490
7731 540
5483 19
4460 886
797 310
11006 201
5721 958
10086 950
10599 265
11263 892
5864 342
7955 450
13250 176
4037 538
9218 611
7644 243
15324 870
13238 118
12944 185
14227 852
7887 505
10892 351
6270 74
14404 676
8962 635
15407 657
8664 329
6362 705
11576 503
4970 786
13041 877
1284 212
7579 514
12817 986
14042 387
13854 896
2211 241
1414 57
11602 898
4940 3
7364 3
1268 859
9587 117
1587 539
13563 805
5604 731
993 703
4902 483
1000 326
10917 266
6177 658
617 307
15394 407
12403 916
15616 447
11206 539
3569 577
2653 483
15638 311
197 16
6331 344
3507 852
10455 744
11430 262
3486 802
6087 486
12995 40
15816 413
6502 155
3088 453
13673 245
8743 401
8590 91
12219 571
11169 256
1130 868
39 684
6647 997
8580 52
3771 201
6302 489
5782 368
14328 477
11332 677
15695 459
11057 935
10536 823
10255 229
10785 922
6999 314
3001 736
7565 479
8300 899
11300 551
14110 438
12999 507
4518 788
3355 158
4024 6
7786 599
8697 315
14965 520
2289 220
2004 50
13573 250
3139 21
12665 895
15147 756
4505 326
3722 446
5163 408
4905 393
15091 531
10350 163
4768 735
6945 704
625 645
14519 538
10776 674
11523 708
7347 653
6800 260
4955 227
6855 43
14272 25
9896 667
6888 144
8707 331
4882 960
9205 914
838 605
4937 95
1705 192
15856 817
1857 570
2708 492
5686 604
8807 120
11046 117
15634 85
5829 1
8399 925
3977 161
2807 522
15752 99
14043 166
7751 52
13588 303
4315 243
1527 811
4524 995
10910 737
9278 404
2672 779
1257 721
11519 13
9713 966
1625 569
670 543
2139 598
11977 877
12603 695
1040 374
8774 226
1104 468
7061 131
10070 42
13603 411
5798 426
3317 318
458 404
9674 570
14345 267
5683 198
13497 933
8795 802
5825 261
8848 441
11234 845
7754 601
7513 406
15731 126
896 301
577 245
11486 77
9282 575
552 891
6169 904
12077 987
9502 670
1495 600
14695 79
3341 966
11951 846
7043 889
8735 123
398 881
11728 93
3734 488
3521 611
11733 250
8986 748
13581 682
6772 353
6596 457
14878 938
14160 492
13176 916
5282 239
13898 268
8479 560
8702 124
10744 693
7937 973
12325 257
7056 97
6083 121
2220 703
13018 199
8967 821
7087 77
7294 63
5584 773
4626 377
9243 91
2780 841
2570 89
8421 794
11502 885
7382 962
9637 701
50 703
12301 605
14973 326
9028 460
8578 810
13664 903
1008 455
2220 202
9704 742
1516 179
11007 646
5788 251
15167 49
1663 556
6994 979
633 771
6610 781
4847 438
4131 530
11401 604
9580 136
8171 563
10191 886
9524 126
3675 760
14200 561
15125 923
13699 843
3155 297
2774 684
4020 6
12726 309
14107 829
14034 597
11038 995
10536 49
14146 58
10796 72
10919 79
7877 274
13182 853
8866 594
5711 997
8532 98
15285 538
14549 272
10247 235
13988 33
10727 678
8469 124
14872 181
8261 505
1358 488
1057 885
5254 125
8694 108
10601 343
12621 104
1539 841
4769 336
14282 981
4239 272
12471 539
14761 981
7664 637
10841 591
3649 981
1487 759
4036 23
15051 89
7012 504
9548 476
2718 601
13515 889
6969 131
5136 170
1248 182
11657 30
7192 801
5027 287
11062 467
3269 958
847 324
3772 618
2834 62
11938 197
6213 254
7049 763
5070 603
13187 998
262 226
15111 549
7287 663
15226 479
888 940
8925 253
15710 346
8482 556
14717 278
3261 718
10667 583
9219 256
14044 939
9866 393
14189 20
12974 978
2789 260
14 3
2554 456
4145 737
15083 950
13157 505
9319 903
13228 315
15716 937
7464 222
9047 298
9141 58
12540 198
8082 481
3473 895
9290 165
15018 336
14104 427
4135 352
2836 537
13141 208
13657 947
1278 453
12373 345
7021 997
7023 611
2398 747
2804 234
14761 821
7546 865
11531 523
8550 220
5730 549
9998 352
6780 865
8673 905
8417 929
8259 886
12861 816
6279 473
6348 149
15539 161
11287 102
3274 543
11050 811
12392 340
9478 437
15007 895
9473 261
6895 940
1485 487
2052 549
1543 399
15131 500
12766 17
164 729
589 407
7449 411
15868 635
3802 134
5597 713
15377 482
3013 736
12105 189
3092 975
8328 472
14157 324
10013 227
13994 807
14158 287
10199 50
9519 339
9616 607
2253 315
7281 406
104 390
4070 273
7543 322
9512 247
15102 355
4525 990
12714 33
11169 198
260 738
9284 985
1856 530
10562 94
9860 841
7932 321
9308 293
15934 603
7682 548
4483 904
6677 234
751 731
6188 75
8856 118
3548 736
5275 367
11065 23
47 200
13632 89
3885 772
10377 992
15196 436
8852 169
10919 669
14780 265
15813 937
11219 427
6883 142
1429 738
15899 608
15353 926
6550 945
15324 29
5216 851
14973 436
150 397
2739 713
8681 415
12354 223
9947 949
14591 359
12237 41
5969 903
6863 286
14448 793
10141 112
7582 571
6152 17
7343 903
15508 67
58 841
9079 469
12826 647
12155 787
1005 669
13727 60
13740 324
5052 164
8730 634
8929 866
555 694
5145 496
3872 385
8401 214
2255 732
13120 329
5444 446
5109 477
3605 31
4863 665
5243 54
2028 430
8201 528
2338 954
817 394
5987 291
12159 148
5043 702
2020 651
6835 522
3230 546
6586 657
3568 646
4302 788
10780 452
11780 431
7345 880
12364 233
479 805
12067 271
5559 5
434 637
8776 700
13339 387
14454 957
15069 787
1543 110
3715 198
12940 280
12281 487
12716 788
3389 940
15227 129
15197 777
12277 359
1056 835
11195 961
1432 571
268 866
12589 65
14534 217
9763 28
12959 997
777 786
3317 913
13264 712
765 541
15683 71
11997 175
13520 305
8077 247
7988 952
11599 667
2890 570
3780 830
6178 705
6783 836
13981 725
11240 309
9286 812
9638 133
12411 274
2849 878
5984 693
8908 543
7230 289
13669 841
15848 995
4227 113
780 390
94 549
5910 340
4720 178
3976 920
527 277
12339 60
15402 958
13869 82
2779 28
14919 590
3003 476
12726 711
1012 469
7818 174
13189 973
8779 227
13322 8
13462 609
14170 334
15824 24
10290 315
4451 371
2848 767
9821 810
4050 931
15079 68
12766 629
7779 73
4081 188
14550 382
6016 160
10144 385
1663 877
1026 352
9154 225
12351 172
10891 457
11014 162
999 50
14899 73
11452 722
7636 737
5486 622
1641 798
10601 406
8659 969
3165 490
1833 732
10519 698
4715 928
1531 810
2763 165
13458 697
3519 193
14202 1
15041 726
12042 108
13518 423
3970 975
8917 538
10940 103
13010 297
2257 563
756 959
15468 462
12038 886
2127 689
6779 241
10401 81
11865 130
10537 401
191 155
15460 373
3753 237
8459 149
2111 78
9836 632
13094 196
11786 401
4458 806
14855 743
5667 837
13119 445
12157 519
6797 861
11769 958
14573 207
3560 769
5259 40
15341 277
15517 131
14939 792
14395 728
14803 660
7761 844
14849 47
3866 860
3243 721
1072 312
4151 181
3068 239
2562 785
9702 601
11321 728
8968 261
12733 532
12224 711
11251 858
3406 13
501 270
13424 686
15604 794
1745 551
13866 200
13838 104
3988 33
15759 221
14137 492
10437 73
6299 517
4286 575
7536 77
8117 723
6774 427
12951 802
6744 943
2215 364
5080 383
4842 601
79 775
608 18
1463 750
8383 328
5473 763
6936 460
1871 85
10394 679
9553 23
10017 446
14089 487
3192 496
10757 86
6827 868
2669 124
660 107
12170 876
2348 409
15401 714
8824 866
9141 839
14469 107
11036 414
9 436
9252 537
562 236
10352 481
7820 156
2462 942
5056 738
5906 195
3412 963
4750 320
11299 47
14257 810
4672 861
3993 940
14000 924
9881 104
15207 141
3625 240
6120 368
1344 107
963 638
10409 898
6703 466
5037 923
268 514
13642 503
9528 626
13512 175
14943 312
1450 158
12123 819
4365 594
7823 605
8977 686
1556 257
9705 847
11894 545
4072 972
74 540
8302 789
718 839
7443 965
15721 955
6268 655
2106 605
7308 501
14583 776
7438 85
1485 630
2227 352
8558 267
3326 131
11635 294
463 172
12041 700
7584 238
14763 603
2595 707
15573 46
8849 174
14346 876
13730 129
9651 471
14981 383
5693 687
11943 338
10961 636
14293 467
25 923
182 466
5342 302
2183 864
4616 609
14234 164
11406 282
3745 360
5117 715
152 864
6753 404
7726 637
451 684
6287 747
12296 795
15830 952
14925 555
3977 394
5600 824
4018 463
8704 179
9994 142
4981 667
9509 321
15269 340
6688 917
6615 782
11826 185
11441 880
300 488
2338 497
1936 446
11731 560
1175 259
12071 96
4905 167
5267 51
6764 87
10461 160
2167 801
5523 295
11397 945
628 974
1026 244
7213 765
3916 230
10757 523
6403 663
11762 514
3465 817
12769 346
8255 235
5092 994
7873 816
10881 432
7160 355
14430 684
10363 505
5426 132
11180 862
8248 831
1780 860
537 118
7371 139
13527 147
15723 592
14740 641
5746 591
2642 851
3494 138
5482 373
9516 711
6569 142
847 418
8626 666
1991 873
6713 74
15469 201
7488 607
15083 174
13265 997
10957 597
2485 295
3 270
12145 945
471 130
7453 250
3416 429
7224 406
5606 369
14055 829
12313 919
6902 325
7608 93
555 162
14995 684
3431 735
7704 795
6301 818
8809 173
6738 175
15662 135
12569 493
7803 872
5162 761
15232 673
597 184
1399 490
7493 414
3711 439
13520 905
3690 438
8303 105
2456 668
923 352
14872 740
135 846
1442 655
15490 437
12086 292
4477 117
3516 137
7028 258
8106 808
9456 912
4391 951
12344 72
3572 807
1297 323
1130 155
12827 17
5414 553
12414 768
7487 904
156 732
12203 752
15000 510
3008 499
223 217
2427 790
4753 257
14476 648
10432 183
1390 208
3666 279
11714 884
14056 256
11276 509
5807 994
2076 930
4213 606
6129 276
9587 272
4886 234
2072 432
1311 320
9664 819
3512 368
11193 773
15879 210
2956 289
15405 699
8368 880
7127 270
11321 619
1959 653
5304 231
14336 43
12758 702
6524 341
6125 354
1245 173
980 980
3996 877
5192 466
11086 155
8882 531
4749 1
874 60
15478 339
2902 468
7319 957
5114 919
2687 551
6756 978
14524 456
12580 904
10492 207
115 871
9787 634
11721 521
11221 794
8779 993
3731 164
9668 768
3670 433
2524 845
366 637
14467 740
7332 86
10030 431
13693 753
1270 873
2047 216
2319 746
4457 783
10066 341
521 20
11238 75
10319 737
5282 389
13066 429
4569 911
10978 347
12018 605
3904 71
3811 676
10535 720
7660 486
4231 995
4007 487
5841 200
3956 705
1027 513
8379 105
13457 973
4925 770
1057 77
3600 818
8119 34
12166 206
3544 808
9210 631
647 781
8484 813
6439 50
9100 552
8385 479
464 819
5607 739
347 943
4327 768
11465 815
12532 96
15185 267
12505 758
12264 937
6974 705
11951 444
4222 386
8033 612
14747 908
2531 387
7546 123
14365 80
9605 831
326 275
1806 438
1137 794
6446 425
868 366
9551 587
878 100
484 572
3735 129
15085 799
10900 447
8490 255
665 795
14193 93
13242 941
11564 248
3607 225
2717 7
9530 922
5120 781
9936 966
3120 293
10785 11
5465 607
1611 877
8110 230
11796 167
7764 860
14458 916
9313 187
11632 228
2682 774
13836 823
1805 822
14560 564
11122 735
1185 673
14900 593
11147 596
8311 525
4560 660
7091 499
12611 942
10639 788
2690 15
2470 65
4474 112
9151 45
10550 619
5322 29
13414 172
13252 62
10276 495
8390 879
14394 908
2291 265
12712 861
14900 746
6059 178
93 12
9136 210
2660 785
5481 266
11509 606
2356 47
4787 769
12866 102
14422 413
9836 187
8211 37
3159 398
4597 14
15418 768
4839 60
10913 643
9815 136
5260 499
13248 877
3876 101
8594 352
7467 820
6056 716
11009 302
4888 868
6936 123
8720 934
5424 909
5555 777
924 705
8197 973
13091 611
11476 255
12309 732
10915 577
1648 964
6472 330
14712 399
6805 408
12596 876
12444 188
8846 883
11449 869
2591 68
14702 819
9220 186
10887 175
6788 250
4309 961
12965 911
14873 516
14322 816
1085 361
13462 593
4689 266
1405 748
13701 818
4174 925
4111 125
5800 36
5815 820
9821 85
978 720
2710 774
15296 19
100 568
12110 909
1447 731
9334 301
5139 742
9078 495
12977 370
12329 174
11574 703
3506 990
3362 592
11985 310
5612 802
7149 362
13783 61
8052 610
2548 265
10126 715
15179 491
727 670
15304 284
6452 776
12173 828
9078 298
1098 599
4767 619
1495 95
13176 866
11536 661
13195 174
10881 958
7311 52
7287 5
15190 569
2775 484
6430 431
5311 754
10006 771
11253 507
4877 815
11258 707
14577 296
8218 65
1681 401
245 92
10951 797
2001 709
4144 975
15289 966
11344 560
14841 133
13502 568
8014 899
1282 171
6238 758
15673 511
11337 769
12070 618
7937 670
2954 909
10449 944
14841 514
11757 257
3560 717
1966 31
6524 22
12268 321
605 753
7180 279
7659 625
3580 259
12735 500
3516 644
349 212
4433 487
1457 778
12742 529
11387 434
14873 778
12959 358
11673 482
13236 676
3155 672
12332 22
11262 351
5574 986
6969 484
11581 988
11223 306
3760 791
10768 376
12360 221
1104 210
11655 393
4572 509
14638 500
9974 833
8295 792
5361 954
5285 806
4264 162
13287 617
13221 332
3540 123
445 507
3746 428
8050 185
600 490
5731 358
9186 86
2746 983
10601 208
1632 111
7671 24
936 516
5437 72
5637 676
14200 674
7239 995
6948 643
6862 413
718 87
6390 773
5888 696
9107 809
6477 348
4776 717
4163 311
13331 906
11166 594
4381 866
1289 449
14917 408
8466 899
12819 270
11661 608
5698 666
470 631
9231 974
8262 921
5486 458
7548 277
11406 175
12203 704
3136 624
2650 204
5850 18
13068 734
14962 774
11033 180
2827 877
13339 724
14663 184
2435 333
1989 32
3645 643
5026 224
13271 15
4726 858
4815 533
1009 720
10912 674
6937 388
9448 866
13625 392
15557 555
6820 535
6798 162
8583 336
6790 227
1752 450
13581 209
3450 140
5031 775
4493 997
11572 829
12844 395
5663 157
14574 262
7558 294
15181 419
8296 624
15657 478
7130 23
3917 631
14402 180
6177 822
10212 458
7001 667
15568 309
4679 243
10298 731
1790 344
5415 771
12893 260
8209 313
15678 912
13720 631
13421 73
3277 202
14360 606
4829 488
13772 825
14217 740
9875 880
11857 153
4627 890
187 112
1761 121
2370 541
14109 298
8605 410
8906 140
8824 950
6821 397
5543 268
13834 236
9827 781
5004 51
12025 902
15242 921
13486 756
9682 289
8107 394
12577 453
7918 493
5110 490
1943 663
2493 646
2221 841
6922 467
14548 396
13670 214
12008 465
9832 48
1662 898
9328 772
13053 129
6180 872
12274 172
15692 511
9089 425
360 271
14408 981
5852 52
9933 310
3982 281
10889 924
10270 584
2204 462
10576 754
13287 951
14549 11
4792 288
13378 657
5363 909
14616 827
13518 871
7305 773
13363 717
8200 24
5522 693
9192 82
9424 501
5185 356
5442 648
11029 24
15255 337
8715 734
12184 620
758 786
1097 909
13821 214
9940 765
6186 982
13873 161
12477 506
3925 12
1683 821
7009 956
4568 178
2219 988
10770 553
9284 588
3398 299
9687 28
4892 87
15064 752
4988 419
3485 637
14185 997
5149 109
2631 2
11977 793
4246 985
6716 701
11026 703
6232 363
8231 363
9390 245
2861 509
9088 448
9451 263
8288 895
12802 68
7435 786
10952 680
3582 270
1249 14
13431 558
422 514
9842 512
10904 649
15066 175
15643 176
10355 375
7180 746
8078 630
7240 373
10660 41
7728 407
12906 856
10270 72
11853 470
13869 539
12547 787
11309 988
5330 972
6572 523
7226 998
8498 268
4364 733
669 545
11899 725
6166 590
9773 709
6532 943
12164 785
5046 393
7910 802
12947 984
15028 687
10955 237
14579 958
4400 156
3387 809
5264 678
5934 140
15727 256
9376 492
4037 981
1664 193
7707 820
6961 640
1492 935
13489 846
3438 381
4573 241
12521 191
11510 728
6834 505
11641 473
6 430
15797 108
1285 180
3503 233
10200 503
13657 138
12298 106
12481 237
1368 922
7818 309
2190 614
1021 622
13364 747
15686 206
7019 238
11886 136
8547 994
4580 407
2790 194
10687 389
6552 768
10487 721
10841 655
14461 616
10352 391
14780 581
14260 825
11307 512
10155 552
13701 877
2021 746
6020 159
3204 607
15933 969
14217 907
12285 200
898 587
5497 250
7154 229
5769 521
3651 845
14102 327
2229 304
11414 943
2335 258
6915 699
14347 182
10457 446
3125 125
3134 941
5175 827
3988 57
1837 412
15578 6
6801 227
8319 963
5543 980
10185 91
13707 830
15689 841
12591 203
2219 442
1416 99
10367 876
4943 357
3704 253
8511 660
13957 947
12711 671
1161 415
14529 831
9554 967
13722 370
9665 796
9448 441
9348 638
11603 878
14855 730
3832 670
15326 198
2370 125
714 208
8544 463
818 207
10085 810
2181 381
6992 702
10563 153
15528 755
308 623
9227 935
10660 189
3044 339
15670 139
14384 227
13416 385
15904 138
9456 487
10624 449
9349 436
10019 18
8968 250
7319 162
3603 142
5636 54
11468 462
11333 24
1570 152
13522 919
843 73
14114 978
10537 201
10211 752
4399 418
12088 84
5189 162
7101 668
4996 171
15509 518
913 448
8043 428
15597 911
387 910
13343 868
13997 705
7692 678
5802 100
8062 501
4099 268
494 755
8031 123
1940 155
15374 679
11374 323
11068 342
15674 767
6489 383
4365 924
9852 91
2607 824
9251 83
1893 181
8118 82
12889 385
4238 598
7995 404
14600 54
9223 214
14637 588
10792 928
993 361
12926 49
5439 723
12124 387
14589 115
5018 960
4621 415
7004 730
14632 172
6778 549
12865 252
12961 193
6530 215
9606 390
10890 293
12749 82
12741 715
14898 748
6613 806
13062 601
7632 47
10920 820
9045 51
9045 661
1462 15
8425 343
10186 513
7671 275
9447 292
3760 880
3552 37
11809 940
5831 795
11831 539
5896 524
13235 223
11083 51
7602 383
3493 942
7451 27
9828 252
14817 926
3140 607
4840 195
7874 568
14746 185
4700 739
5076 354
5429 515
2564 484
9910 734
4442 608
1368 99
6999 589
6048 33
7583 700
12148 687
4001 104
10765 176
9698 542
12975 75
9654 698
933 201
7795 345
15691 646
13220 105
5748 237
12472 867
9295 54
11975 727
13511 421
13042 426
5603 402
4593 751
5473 178
14596 24
2381 369
15713 65
4858 124
7442 636
15689 941
7564 852
4202 156
12607 864
3153 525
8430 999
5554 719
5969 756
4392 953
7115 401
6675 150
10136 383
9607 496
10135 440
13003 560
12371 92
4117 519
63 382
5850 365
1405 234
898 187
5257 539
13129 9
13142 729
1377 152
9209 443
5614 256
14873 820
8839 328
9275 722
8463 37
469 739
9691 811
2720 580
8736 717
1902 417
9495 398
11619 511
13918 600
6023 70
8664 71
5169 53
454 393
11320 429
8696 834
10726 607
8118 18
11561 129
7260 169
12940 355
13941 873
5219 491
3822 77
11937 379
3013 592
14857 780
15014 665
7776 692
3713 759
4352 129
3336 621
11391 165
5862 783
11085 817
879 1
10940 539
4745 294
1901 199
10355 30
8129 751
13621 729
6866 338
6657 65
7749 154
13327 500
6834 118
6768 368
12170 461
7054 575
9806 157
13159 801
2343 503
14262 724
6061 520
2137 630
3862 77
822 503
8038 103
7191 795
1904 93
7478 889
3058 766
6552 492
8698 461
4362 855
1129 344
2895 312
1302 805
7715 899
5420 139
1144 594
2967 885
15544 332
7211 15
6382 946
6899 772
13386 669
7697 793
9240 466
13134 577
777 222
12944 31
15501 469
419 919
1199 159
10425 894
12888 975
2075 551
6219 469
1101 784
223 376
6051 600
2012 443
13137 555
11965 998
4443 933
4179 106
14179 104
11222 798
6542 293
2260 431
10298 411
12181 668
9457 63
5713 230
12823 903
381 753
12846 1000
12212 246
9178 808
15899 388
2796 166
12829 54
3405 418
13395 642
118 510
6504 248
12624 181
4611 937
2963 755
14462 441
11793 474
14250 511
12769 93
556 730
572 55
1445 343
180 961
4396 488
1970 951
11297 792
13036 905
8039 436
2365 657
11388 679
4796 889
2936 420
4338 17
4874 186
9525 390
4931 712
3708 735
13462 15
2471 801
5238 776
15239 982
2063 563
13926 309
1638 970
4574 721
3441 729
2521 472
5548 322
5384 782
5787 300
13619 125
9059 318
1147 64
804 905
6256 185
5824 967
2166 951
13417 404
2043 230
11973 576
12134 725
13752 262
3612 508
3335 387
11545 793
7958 163
1661 696
3904 127
5415 515
4191 975
6283 62
12757 216
1956 173
4131 623
9338 696
6150 703
13340 206
15716 968
2849 898
10002 705
7762 392
3203 606
14567 50
9996 550
7348 114
13476 614
3791 168
1669 891
4572 800
5281 93
15207 414
14971 266
10923 110
11377 35
13383 939
9987 696
2986 957
12389 120
15830 736
5645 569
13929 896
454 727
8999 715
3057 754
1226 481
7070 712
15303 992
13089 217
2661 562
8108 459
11724 342
834 885
10875 510
14084 304
15197 25
15761 797
2496 758
10492 335
13872 844
6888 689
3709 638
15584 923
1877 729
11115 434
842 742
172 493
964 398
9097 734
11995 732
4421 504
6556 613
4020 28
2275 527
138 546
9883 153
15299 47
2806 986
14425 123
7258 811
6988 355
10641 799
4719 340
5932 575
7497 455
643 461
8766 414
13922 609
11785 500
6888 154
14165 858
771 631
12184 800
8049 224
6026 330
2082 181
7461 290
15708 883
8381 527
3354 53
3213 468
7386 290
6729 291
2123 674
3382 738
10027 186
5371 837
10657 850
12141 433
7809 614
2122 810
8539 798
6668 126
15065 80
9532 842
10517 985
4237 998
4314 541
5088 876
6838 781
13213 745
5606 559
9485 782
15728 273
846 832
3439 680
15250 33
8085 93
2102 509
2844 865
7446 656
3969 10
10853 827
2239 644
12486 468
6232 19
7764 742
7929 497
9923 985
2521 441
13072 7
9272 161
15703 948
173 252
4153 129
9029 510
11912 317
5104 789
3103 774
4584 549
14185 560
7167 157
2245 143
5077 175
4631 125
2527 999
11324 734
11903 226
8746 764
8478 842
10628 946
8551 27
10094 222
11183 109
2819 303
10609 292
6174 575
4832 162
14693 804
2408 900
15272 951
674 411
14500 408
1325 69
4243 466
2022 766
6899 613
3289 376
6050 663
12012 885
9829 844
5464 826
6274 975
8475 191
15738 675
3938 705
11353 339
7540 364
12722 456
12745 621
489 46
13658 387
9394 882
3970 196
11009 950
3904 509
4481 255
2719 267
15197 25
11313 358
1667 546
11878 27
15396 233
2519 981
7872 175
8729 664
14084 339
11282 230
2980 164
337 116
13057 856
705 961
11374 663
7883 42
10151 683
7439 90
324 164
4428 815
4613 858
9716 436
4032 100
2668 604
6710 501
3009 362
8792 313
5501 832
5352 157
3033 981
5163 19
6942 210
11934 124
8955 985
1807 414
9800 35
15864 299
14439 7
1606 274
1658 892
10646 146
13541 142
3546 433
4933 977
4838 765
2981 112
704 682
9369 541
8357 619
4485 444
13529 676
9886 8
13390 652
15166 76
5077 976
2903 403
14793 923
14752 283
15075 516
4595 648
9473 920
13968 120
15265 80
2404 110
7539 184
11145 435
2996 734
394 185
11234 159
8740 14
9742 930
13856 959
7676 959
6521 559
14171 203
10774 459
514 965
15642 427
13957 589
5280 447
6756 792
8441 983
3333 26
3496 262
3984 131
12700 22
3469 43
4140 264
5098 924
2006 180
3598 380
8790 952
3400 919
1714 740
6123 617
4730 630
3008 770
2221 284
3827 484
498 683
13486 525
3360 378
5631 739
12154 272
15926 815
11819 491
6530 144
3226 890
8686 523
6877 568
7467 519
9510 898
6600 162
12350 787
12981 431
61 962
10099 228
9300 873
6454 333
8281 979
15203 651
3317 341
4355 615
11254 208
9249 562
9672 980
11560 325
9013 72
8270 762
10410 482
88 382
13595 498
9425 134
7739 926
7994 219
1904 613
15709 76
10809 15
9530 238
14927 531
6071 350
1374 231
5194 90
3902 863
11340 863
592 747
4372 490
3437 852
728 319
11497 441
9017 32
11509 461
14155 61
8436 149
8026 402
6111 97
11607 540
13551 128
11173 332
12086 184
11354 37
15763 437
6454 231
13576 501
12197 416
11438 789
15831 698
9585 257
8911 76
15085 56
5029 435
12856 579
8270 182
13026 307
9737 399
7834 706
1435 124
4926 313
8674 781
8373 254
4988 458
3498 698
6404 995
12219 914
10694 63
14073 251
14378 825
14181 175
5502 239
10201 519
2253 323
2208 424
7510 718
7112 504
5226 900
14413 750
1174 503
10623 513
12817 753
4714 270
2312 98
5112 665
13826 701
5215 280
14611 672
446 927
15274 725
142 143
5322 85
2614 644
4561 107
2585 694
3049 191
11078 457
1928 335
3022 111
2688 598
519 706
9250 317
15433 588
2972 134
2138 685
14066 568
6908 652
7300 177
11759 340
8371 39
13129 595
9373 942
4643 524
5876 481
11074 60
11334 112
4669 727
15093 101
5858 120
15570 531
2189 443
8042 336
14902 102
14152 92
4561 851
6882 178
13533 63
10007 848
7146 747
7664 572
6270 405
7171 626
3227 815
10630 148
3975 663
14846 91
5769 480
10794 903
1877 641
13210 373
11115 180
5950 936
15938 21
8703 179
13663 814
4950 276
14954 137
10461 52
13975 330
11319 885
15400 580
5935 800
12699 752
7718 991
3089 400
2836 235
4667 265
4730 172
6565 8
7334 755
9389 452
6038 390
3996 634
10633 538
3467 991
4031 306
11763 749
5914 981
4053 159
2684 597
11918 687
3167 840
9839 57
835 940
920 361
2510 885
44 780
2762 751
4637 67
6064 80
12705 62
8793 979
13363 194
12576 15
5697 283
6379 614
2601 145
13790 271
15209 816
10666 617
4616 608
8261 691
1315 126
6465 503
1776 433
11822 953
2214 671
4827 8
14912 594
12582 920
14484 336
4102 196
10329 691
13579 385
14338 380
5313 738
3299 853
5436 77
1955 221
8332 874
6253 865
34 498
6647 813
1402 103
1854 231
8046 986
14767 259
1533 103
9629 999
14279 159
3003 488
8800 717
12756 675
6450 22
5727 725
264 251
14525 777
13749 476
693 958
6378 347
10956 951
2940 810
6162 864
14464 510
15119 399
5636 241
14214 267
4013 929
6030 102
7559 540
4834 550
5559 767
5886 243
6410 267
14048 819
6893 91
9033 296
14373 330
9839 164
10576 21
7514 211
8957 151
12470 274
14576 771
3023 734
12078 905
11779 804
11271 312
590 264
3834 597
10058 542
5520 554
13861 292
13876 348
895 75
14536 369
6541 685
11959 466
110 302
1156 684
14547 250
10988 373
12693 610
5405 451
1353 966
9743 10
15500 438
10092 48
1033 799
2995 536
12065 115
8104 861
6903 126
3495 108
10244 914
7911 518
15651 731
14763 568
2572 927
5274 917
11228 416
10870 751
12102 841
3791 934
10807 545
10597 215
3907 724
7356 809
2410 754
13356 629
13267 59
1090 534
3813 388
7197 832
1898 822
8076 910
9309 378
3500 442
5786 810
11904 561
9611 196
3111 365
7080 850
6150 121
3139 793
1733 622
6651 598
8971 343
498 607
14615 3
5996 978
13288 16
7515 924
362 925
1437 537
11717 791
644 611
6388 355
7117 33
12747 415
11633 927
4020 732
15069 894
10570 862
6516 952
15728 631
11522 128
9639 284
9451 160
14160 487
1856 396
3758 131
4351 785
7990 819
41 312
1313 345
14807 973
11780 763
13858 502
11320 70
11181 191
14708 382
5998 50
7618 424
13937 929
8159 256
11301 540
2347 683
1652 224
6709 844
8431 85
11132 125
8889 616
3047 275
6677 214
6768 921
7293 395
6439 778
9469 24
8330 653
15424 464
5077 628
7995 999
6022 678
13294 810
6873 108
2575 60
10841 303
4563 823
13801 143
10077 272
10920 497
5691 422
8018 463
11005 827
4443 396
14658 727
856 644
12477 685
11889 298
1431 193
11142 93
413 342
11003 279
1748 324
11750 256
9019 189
8784 613
3674 378
9459 406
14972 542
6985 198
780 528
15929 345
12485 514
4906 411
10226 399
15687 310
3908 897
11149 608
15140 362
15247 167
11446 967
2515 863
4480 558
13852 251
3235 772
12728 70
10500 993
15038 864
4178 408
5010 563
1870 128
4633 250
13264 813
11433 596
4558 71
2498 75
14357 596
15177 732
10289 556
4167 955
13511 134
15305 978
11430 142
10641 983
2453 818
7370 707
15937 122
7868 321
7374 164
5308 107
11858 381
9757 623
8352 469
8698 833
1664 40
13987 702
11582 515
2832 651
9569 224
2266 557
10946 883
14111 986
3460 922
6018 937
7157 925
4587 23
14665 927
8877 985
5155 350
7537 122
12262 307
3815 267
750 206
12733 182
4174 606
4162 823
6456 57
5648 843
3898 818
339 767
2582 525
9661 399
1091 785
8375 549
1990 551
10830 579
3313 197
3973 382
3114 466
12147 183
11295 5
1997 911
461 517
5025 390
1134 236
13180 75
10288 648
5017 915
9488 207
15391 270
8893 837
5320 318
6745 45
14035 138
3358 966
12681 284
10602 29
9762 382
6377 651
13187 878
4206 279
8993 997
15086 777
5463 62
6992 726
15643 444
10722 530
9913 946
7614 164
6915 139
65 107
5215 450
152 968
1319 680
11586 305
11806 855
6751 214
9876 213
686 114
10058 677
15783 604
7617 104
10309 233
5385 763
7356 484
8485 228
13718 323
15853 77
10499 211
2221 612
13500 18
3755 450
703 22
5734 572
10791 935
9065 678
7370 721
3013 375
89 182
1481 701
2521 37
14864 958
5488 957
7467 706
13767 143
1717 34
3304 487
13396 742
3156 497
3161 347
800 913
6400 321
10729 156
7671 938
13345 535
86 57
14652 917
9463 635
9313 753
15716 744
10671 360
2513 406
6959 612
15747 706
14629 163
3652 892
12956 427
5420 412
12767 611
14093 623
1833 338
5624 68
8719 398
2502 831
126 745
6990 396
3761 703
4361 303
2770 651
424 774
4893 412
12417 592
9662 581
5180 124
10519 704
12187 335
13042 130
10659 1000
1007 160
3438 676
13201 756
7463 361
15466 575
7271 475
13753 670
15225 741
7305 617
2373 623
11357 40
3042 387
8647 844
106 840
1149 180
7095 851
3515 669
14766 243
552 300
13267 585
2162 617
13843 450
10055 659
439 71
8876 579
13917 824
5898 791
7987 64
14010 636
15824 311
14391 94
12849 505
15274 39
14212 889
2010 54
13665 564
183 884
15621 661
6510 907
7187 169
14405 128
15209 806
3942 555
726 255
10878 477
12701 356
7578 78
6820 36
3100 959
4556 157
677 749
4816 35
9376 437
4399 173
143 129
10862 532
14512 686
2961 877
15144 910
2284 429
2058 400
14936 308
6413 995
12079 296
10898 618
10157 318
14446 876
5736 349
15000 750
3354 7
5774 567
13746 486
6164 226
4618 843
15928 197
13207 873
3709 758
4980 129
2064 874
1457 57
13284 581
1894 561
6176 429
15198 768
1818 135
4430 56
14589 663
9701 304
14472 958
7938 375
3043 120
12032 455
15165 779
12407 332
15893 359
7549 200
5067 466
4608 747
1127 21
14242 72
2003 639
8303 207
14205 371
990 540
14145 359
6779 835
11894 866
1297 410
1700 223
7934 1000
7158 482
8183 224
8979 311
3058 841
12187 483
10817 190
15561 743
10372 125
3002 610
8377 146
2112 283
11692 150
15788 972
4711 143
8514 652
12439 479
9949 45
9719 432
15235 672
8624 742
11899 888
5259 331
6671 678
7160 96
6583 824
6409 607
12514 924
60 605
15143 666
9435 792
12950 241
5207 802
8374 325
5473 344
9524 209
965 854
1648 367
12529 78
1445 992
13525 683
14815 117
10025 272
6144 748
3332 286
12622 622
8590 435
519 700
14348 852
8312 173
14323 371
15741 632
2905 828
1102 761
7530 394
14712 782
8341 918
6867 69
4557 290
10273 64
13888 582
2477 5
14344 251
15864 955
9654 727
14391 353
7889 211
2912 673
15631 685
3585 296
6559 536
5629 507
11469 327
12855 993
7329 743
5736 544
9668 445
5108 43
8975 603
4870 501
11025 828
8485 129
15271 188
9298 429
13176 586
1764 302
13002 504
14224 630
1711 87
6375 799
13853 30
7614 505
2146 593
13411 873
15515 896
11573 227
3420 929
11331 114
11044 508
13238 691
13102 617
12065 271
1984 504
14220 302
1070 522
8268 771
14528 145
2091 729
10425 525
9617 283
15605 677
2413 848
7125 216
1361 72
13963 502
10499 520
9190 107
3102 589
12498 42
12635 552
3795 342
5850 818
431 300
14587 223
5264 851
2674 948
13504 718
3539 132
653 107
6908 712
1320 318
7559 429
3616 373
3506 385
7574 260
7040 328
2921 961
7050 439
2652 396
9742 788
13950 871
10607 773
15268 234
13961 577
868 812
10128 652
1921 870
10464 552
7938 801
1240 7
11932 576
4239 365
2992 184
13739 500
1035 816
11327 824
1774 77
8317 978
1958 205
14786 354
9024 841
549 496
8478 788
12015 304
6805 686
9286 704
5589 348
13180 501
8867 871
11992 109
334 638
6709 76
11130 233
3205 376
3181 958
9217 156
6550 437
2739 211
2600 49
8802 868
9830 528
7732 699
15667 639
3591 406
13709 550
314 899
2547 150
206 604
3870 378
6355 522
14703 59
14789 836
7159 31
15870 423
11871 264
986 517
10871 213
2999 665
11452 765
1006 64
1762 288
5082 852
6109 287
15751 523
2000 786
14796 702
1324 777
3833 43
10759 287
65 238
12486 458
12442 340
5303 320
15772 874
15332 130
5561 749
13633 251
3224 557
9233 406
11543 257
4727 179
7526 739
3627 199
12301 761
15117 301
5126 386
8950 103
14605 780
10366 784
10597 209
10801 942
10901 681
6392 260
10054 432
12690 20
6448 560
13814 998
5290 504
9388 134
13649 32
9546 614
13521 544
15933 197
10107 490
6204 680
1931 245
509 359
7317 164
6547 866
2115 636
4846 635
2531 435
4360 197
15691 179
5002 555
15610 468
11760 682
10403 236
4958 37
1694 857
7092 128
9989 336
11990 378
12267 456
14267 446
3651 480
2536 990
15131 63
11770 557
233 219
7863 154
13142 630
8619 48
8730 712
9933 295
6560 152
11814 373
6448 611
13446 338
8219 344
12687 861
8240 214
2106 442
3940 739
4126 868
12470 460
15549 995
11201 855
12803 306
3622 831
12176 838
5638 77
8554 173
11440 311
12623 458
11126 997
13350 181
6411 872
8614 190
8922 323
7826 567
4318 430
10650 871
13421 308
1328 906
12066 832
9047 823
1140 304
11612 947
1014 210
14060 972
15422 426
13328 472
6513 478
11774 258
14272 423
2705 934
8852 90
15932 840
2685 683
730 590
10354 192
12044 774
6968 111
5896 813
13768 180
15656 230
11013 640
957 605
861 714
1070 620
11920 38
15545 340
14895 60
4459 579
14615 628
11920 960
12732 932
2341 667
13498 157
7271 66
7784 615
8623 644
1846 347
2200 74
15613 813
15605 548
4811 950
11951 681
12561 770
932 455
3421 427
4311 568
2694 499
1730 104
12655 65
11569 694
13751 815
5113 284
9361 288
125 573
8349 105
2441 303
10526 711
10223 767
12624 594
2429 581
5829 987
308 82
11158 734
8769 844
6574 353
10130 828
4175 578
15511 680
2146 523
4388 670
10955 428
3244 385
811 306
10447 322
6444 371
11302 624
1438 754
4849 195
6951 242
54 988
13546 927
13439 465
5017 629
13080 722
8231 451
13191 129
3887 714
4313 721
11723 15
13666 974
9458 648
12261 95
2457 654
3081 239
8087 678
4754 192
8853 392
7464 461
10788 503
622 522
1658 276
15562 184
12069 867
5776 63
11993 297
5605 970
12520 985
11936 696
12334 704
3974 236
11454 863
10164 338
6510 435
13766 625
1818 683
13674 891
10022 852
6786 650
10526 977
11760 302
13825 100
9848 569
14821 335
4968 426
447 902
13454 124
15436 89
14029 370
7123 962
658 812
8060 844
10182 305
7215 127
6050 116
11351 369
8369 80
12533 688
1456 905
5879 615
2210 117
13132 343
48 632
5159 404
14161 658
5517 346
813 712
10973 171
13480 587
7553 25
4038 104
985 471
7727 213
10214 830
6749 884
13372 151
2008 312
6445 943
2775 628
11666 295
5709 62
13576 753
12581 533
15283 492
8615 924
11468 173
7619 261
4651 209
5561 152
6350 646
12780 185
3092 739
7640 992
14610 790
2963 379
6940 255
9337 428
12960 565
8712 634
13857 430
1013 924
9570 935
1424 244
3567 361
10908 884
1118 135
9229 153
6585 268
9280 906
9106 115
11117 845
505 77
2440 728
8249 583
5354 49
8069 270
13309 614
8301 860
13682 51
3540 957
3607 577
443 707
4401 315
11526 577
7813 735
5515 857
2556 59
3029 555
15019 925
11682 500
15206 150
6329 650
5499 677
9125 972
10552 81
9648 366
15089 370
6584 90
14885 749
14994 257
4620 708
3041 767
6118 397
9937 256
15113 458
9619 646
7247 876
6535 74
14632 156
11517 631
10148 677
2988 596
15310 419
8373 82
9504 54
14306 355
7521 154
3121 879
5238 793
2886 223
555 241
14316 913
8044 515
138 371
2390 383
11506 257
14643 349
1420 456
3656 241
7850 639
12750 579
9105 55
5381 817
2021 986
7105 418
12792 915
12946 780
10996 477
13838 165
7312 667
2379 849
8355 309
12901 126
12853 668
15102 6
11538 660
8736 354
14002 372
14690 350
6558 483
519 269
6813 777
10104 928
14045 45
8533 100
6047 343
6052 985
9756 201
1535 120
15100 180
6957 878
8135 412
13159 256
11632 753
4037 493
11059 724
1185 335
13556 161
1559 104
1109 707
14836 620
593 855
14860 52
3487 770
12547 275
12622 647
11104 492
1075 734
8772 546
15758 704
10486 776
12899 150
10567 278
2550 725
1758 571
1807 937
6350 479
1127 145
10515 846
3483 53
5024 216
8444 975
507 462
6268 806
1815 898
1678 396
14721 288
1329 135
2446 559
1059 299
5305 289
387 670
3032 377
12454 2
3894 432
254 45
11631 105
6867 706
13750 431
1007 572
1040 372
7455 704
12796 216
4695 577
12662 697
1267 254
6386 813
6979 457
933 440
2554 467
1248 863
9279 870
7040 234
4607 885
13336 86
2233 695
6065 127
9726 468
2526 236
13692 467
1997 622
10512 622
14378 346
15566 679
2802 239
15673 9
2749 359
14694 772
6976 453
14633 607
6738 817
14277 346
8375 699
13486 637
4302 561
3447 570
8015 879
12447 320
13272 972
1350 361
14242 494
1945 663
3389 599
8602 148
1819 442
10267 292
5978 407
3181 553
12193 154
2613 95
7491 995
4616 897
1841 207
1544 449
10954 918
10777 740
15451 234
8066 615
11184 539
11027 586
5781 869
3381 942
7251 865
3470 436
5051 386
15530 733
9909 545
9869 957
855 900
6453 633
9841 918
2884 228
9543 829
10010 334
7207 308
11087 403
3744 147
4337 507
2851 190
10030 733
11656 823
33 660
7119 149
15136 822
905 373
1606 865
234 881
1916 144
8741 990
7861 779
12553 99
10758 177
15237 878
6883 959
2491 624
5580 346
6118 212
1589 868
11049 325
801 761
15673 846
4521 690
2430 421
7505 138
13898 13
11173 58
191 450
6394 707
14383 916
1625 97
12011 60
12843 40
8352 503
10956 984
10747 948
10944 875
11930 368
8204 223
1492 100
9585 901
10664 629
5487 222
4102 544
10336 108
6980 945
1236 702
12468 702
766 627
5869 1
6098 383
5300 353
8914 93
14329 877
13412 564
12417 380
10801 440
7400 423
13526 789
9990 293
9576 777
15413 155
13319 945
4481 924
14579 413
5396 533
8787 871
1365 108
9748 661
14409 983
11105 313
9802 689
11320 721
4071 117
8293 780
14586 460
8389 998
8270 739
5582 822
1670 865
2690 585
4485 85
15527 985
8768 474
1134 528
12080 222
13648 521
22 296
4961 724
15692 805
13687 821
10712 411
7979 878
9661 112
13555 162
15544 637
218 724
7313 257
3237 912
4666 706
2904 890
14375 983
4506 188
5166 355
11791 690
2311 765
1070 423
13432 32
13828 28
6664 350
302 471
7274 639
3651 58
14031 607
12490 977
9024 113
15034 942
13767 627
15153 373
6365 743
5670 492
2355 275
3522 738
15787 917
4758 802
10610 659
8304 956
1113 170
581 544
664 334
13432 791
10286 89
10444 893
11651 564
8865 400
2474 30
8515 517
5328 156
2438 610
13440 371
9443 689
5557 35
7812 30
9292 9
5869 332
3286 796
12946 844
11412 558
3504 950
14865 704
4725 131
8725 591
3991 388
7098 604
1046 169
6927 760
8234 707
5594 205
3208 350
6261 660
4433 611
7967 506
2710 690
6647 541
3856 888
14116 692
4730 328
1411 720
539 380
10683 712
8637 649
7608 110
11916 969
14738 443
9910 231
3791 702
10137 261
13544 646
10727 326
14594 294
7581 781
2753 934
15196 267
621 822
8207 328
15086 899
8504 61
13304 35
1773 673
1422 51
12687 284
5616 95
14736 663
15260 846
5229 925
3691 553
8497 124
2479 164
8374 843
5306 740
7706 223
15246 850
6731 645
2508 663
4294 417
15721 572
6908 817
5683 596
6375 758
8521 171
731 932
1772 739
479 266
10279 500
2884 240
7256 982
1854 229
6391 96
14698 418
12622 895
10595 823
1850 886
13327 836
561 173
8066 978
10896 628
3117 771
11326 667
12452 972
7982 495
3067 757
5516 376
15098 658
9039 563
2628 581
14665 614
13651 626
8083 393
3638 36
12557 759
13261 260
90 273
15710 455
13275 417
14843 808
4912 989
141 91
2421 254
1925 187
8680 528
14943 976
13309 521
5737 695
3273 118
9626 830
668 94
2929 613
2910 823
7708 8
10447 494
1088 854
6338 732
5377 550
12001 45
2041 152
9620 207
12135 768
9224 431
7966 992
6837 544
10149 424
4125 614
6029 355
13540 456
2810 26
15877 177
2992 134
2892 176
12796 244
13436 476
1451 495
11410 873
9630 761
8816 723
14953 204
14778 277
4979 255
1826 367
5529 677
4334 322
2999 122
10003 286
8304 758
9893 643
9610 32
15526 748
10030 151
4237 139
13448 628
901 16
10527 831
1204 161
461 534
6104 397
218 349
14326 968
14703 568
2509 78
3102 65
9984 31
15320 541
3362 973
2379 750
8655 954
241 676
7873 559
9290 965
5864 942
7642 247
13506 763
6459 407
4379 417
2095 687
10046 4
3344 917
15674 199
11417 163
9892 500
6225 338
11445 641
9925 478
12768 870
5754 919
8555 643
14653 852
845 111
15771 839
5920 937
12110 373
7116 629
15586 325
15939 98
5471 702
4445 751
5792 106
13696 404
14799 591
14522 376
10973 788
15770 25
13248 126
10383 250
3661 14
12762 842
11859 829
13046 28
6313 648
2149 991
286 426
3070 93
4307 485
5848 465
6875 121
3304 287
9325 561
9351 252
1566 149
15237 354
1915 390
5051 253
13754 16
7096 722
10728 108
9208 717
13605 805
14857 415
8633 656
2895 67
4721 70
1465 389
7094 15
264 20
12372 844
11653 30
11609 272
9882 802
14391 265
6843 302
8044 938
15722 609
10151 178
5439 735
14930 254
170 962
12299 506
15518 9
10217 693
7644 388
15336 104
4985 120
1879 402
13721 14
11434 147
2803 741
2492 37
7005 530
12750 76
13249 47
2601 770
13208 707
15051 61
13883 499
12617 94
13734 640
6702 654
2599 276
13175 383
2209 72
2761 308
9965 965
5360 865
15662 909
11236 462
9436 324
8207 667
8327 210
1304 97
12172 184
7383 594
5520 92
8271 934
4487 654
1797 8
14165 197
9475 241
7577 362
6978 711
12534 749
15796 929
11641 107
10492 455
10908 27
3591 375
5306 445
14864 385
9112 919
12247 255
10460 339
15830 648
423 280
12401 752
3785 698
10830 262
1238 337
4167 870
563 138
12436 462
3812 227
429 725
8823 508
15478 911
4306 484
11125 349
7646 130
5269 60
2193 589
11603 401
2926 624
4118 83
12705 556
12577 755
301 628
4329 560
4686 405
10997 229
15584 450
13267 690
1901 655
14246 754
14992 738
15381 544
3062 976
2752 315
13063 309
3454 911
10689 702
2682 613
6921 234
12869 535
7302 161
6939 901
13986 253
6422 542
10475 980
7255 690
6061 811
8529 99
13266 528
10645 737
15916 162
15743 756
11951 664
1241 896
2793 893
10070 886
1621 896
12571 14
5324 728
13315 406
7771 201
7143 128
6851 679
2546 149
6542 990
12325 97
6880 883
12709 718
7907 573
3581 147
7649 746
2617 869
12481 523
4466 788
58 788
13193 661
1996 639
1252 702
15597 13
10786 578
12522 86
8243 857
14825 879
4111 571
14491 891
15253 267
933 453
8767 277
14879 368
13041 577
10603 961
4589 846
12448 376
3267 620
5172 101
118 93
3042 224
2974 858
8902 228
6476 904
12542 497
9178 754
3245 656
8711 276
12999 799
14884 881
13863 440
2078 62
4903 976
4290 554
3452 583
9590 614
6070 299
6183 259
3702 603
2010 996
13979 35
9309 399
8722 483
14938 768
5649 525
11200 744
12940 77
11701 130
14156 542
9739 832
15932 33
5925 281
3 619
2851 209
4357 404
15484 671
11582 304
15150 831
8691 743
7902 771
9844 597
15674 935
9737 23
6505 429
9244 451
7380 40
1451 56
10824 518
2770 563
694 247
358 281
5053 460
6848 690
14066 74
225 240
11701 404
4716 710
14674 861
4684 106
4225 1000
3301 900
519 743
4499 62
1740 332
6840 337
12162 646
11913 199
14673 553
3296 394
13890 672
641 822
9123 821
2900 765
15345 319
8622 673
1102 778
12996 708
12209 230
10730 132
8817 97
9685 491
6590 789
4073 846
6237 280
15880 671
4192 576
11596 730
1468 727
758 780
3902 364
2260 715
893 375
2159 365
860 896
6641 517
14512 669
10247 86
3801 751
6011 502
14990 874
11988 685
2058 15
14319 549
3958 260
15873 139
4047 780
8397 468
15211 979
15808 462
7498 680
5338 218
2420 688
6759 157
9494 585
11794 172
539 181
9544 612
13243 622
3888 640
2586 488
4650 208
3772 335
9339 478
7657 859
14643 539
11242 269
812 238
15156 410
13186 746
2162 403
10549 156
14639 124
3063 129
7602 279
8729 331
6302 898
12354 737
8248 565
10878 897
10487 505
10651 312
9149 542
12749 80
855 646
10369 296
848 445
14964 982
6889 922
7015 18
4568 583
4268 318
8712 237
2766 416
1961 620
14688 927
2812 450
13767 248
2679 491
2143 645
2385 856
15796 536
15252 95
542 572
14665 684
277 216
2890 640
11925 97
2989 291
10384 381
10158 527
15164 737
344 898
6752 670
916 14
4322 876
997 606
4300 521
812 985
2036 68
7932 33
588 285
6856 520
2013 900
9026 597
12561 423
3347 940
13975 803
4357 846
4480 928
11444 490
6340 728
10743 271
10512 146
11015 692
8854 274
12628 201
7126 747
3776 642
11151 234
3358 631
96 65
1370 519
8163 110
676 42
8765 223
1035 544
6383 977
5334 902
5155 420
9033 392
14885 668
5272 602
4791 663
12972 413
3672 185
3299 256
4857 964
13374 819
5929 137
7485 461
7992 95
9389 366
2120 818
8627 250
12894 212
873 282
2967 584
15668 645
10726 479
5521 846
10847 99
15933 616
11254 226
10546 486
7002 350
11467 425
6141 951
8958 220
3688 761
11069 357
1124 461
8007 554
15852 874
11847 641
16 607
6854 718
5778 938
8389 471
2027 471
13805 877
612 903
5845 968
12005 795
12779 972
14211 359
11865 230
1667 319
1247 566
7192 333
9975 247
10052 396
15836 349
5494 1
14683 848
9039 775
12084 994
3693 729
458 233
14555 500
13213 133
2963 237
9978 381
10827 496
1739 450
6141 857
7048 824
8132 363
13844 585
15219 342
737 185
4717 860
2019 497
12572 492
8162 166
11247 638
3594 905
12330 11
14374 132
4387 936
4821 391
9648 980
6310 43
2862 385
13228 705
12326 764
8217 546
8607 771
9507 267
8246 124
11952 957
2689 730
13293 986
8708 498
1821 950
11889 49
5444 224
2564 553
5195 721
13729 598
5329 367
14209 18
11208 687
3372 306
9873 402
2029 737
10702 541
3250 218
15270 557
1596 994
6875 500
3322 198
900 421
5895 694
6846 391
8571 270
11557 3
5311 21
11473 75
9358 346
15836 107
6818 185
11639 899
466 173
1615 821
7646 665
15545 912
2631 396
14620 317
6593 177
9971 731
15463 168
1589 733
10172 125
11279 217
13998 986
10507 255
3586 322
8241 276
14934 312
6112 11
168 768
15370 542
1747 958
9090 955
3622 269
861 580
6468 121
5737 327
13278 823
15759 771
12241 570
11738 682
12059 530
1701 384
11657 405
15450 521
6828 20
14622 391
10745 624
10217 462
8652 734
15274 31
13526 58
13581 803
6136 603
1782 40
3308 951
13794 62
15320 30
8237 673
2898 543
4681 310
4442 606
13836 242
6661 396
11375 472
1009 448
12254 335
15769 210
4985 737
2877 62
3928 984
2108 849
3374 844
12807 194
8052 664
1176 412
5021 353
13857 24
394 950
6556 1
1709 252
6528 275
3922 953
3444 779
10081 1000
13440 816
8040 204
11321 733
10335 895
7078 266
1246 366
15173 235
9406 397
4714 664
15426 381
5624 119
14369 463
12921 922
14039 932
9020 807
2276 892
1775 267
15367 639
3551 845
14581 628
9966 794
14417 490
3916 63
1870 638
15446 232
15434 741
310 2
12811 446
13972 970
11417 327
904 660
6866 750
3598 16
9076 628
13812 624
13312 673
7594 952
14794 797
15198 48
15674 91
15783 804
15359 332
10845 386
13377 432
2723 505
11455 834
2133 328
1840 794
6432 675
10646 907
451 381
9900 68
15332 93
15088 698
7236 298
8876 122
11805 971
7221 257
13820 581
8881 414
6806 151
1991 602
2302 182
12435 525
10281 168
10800 507
8452 715
14310 232
13503 437
4249 299
10094 68
9636 538
14718 225
8195 97
1101 835
13190 594
1057 109
14611 166
12314 294
12091 850
11541 474
12916 713
11700 281
11888 346
4326 224
9588 155
6619 768
2197 33
1960 839
2041 500
7057 991
8734 361
7771 992
11470 92
14037 568
6326 450
12329 1
13682 580
10114 457
10646 351
3120 273
10681 674
7568 549
12898 383
5091 187
10355 411
9761 680
2083 979
8311 649
5726 660
2992 715
13805 609
10884 622
2996 997
2990 817
1315 461
15698 555
13614 481
6696 544
12384 842
7330 450
5757 258
7705 727
500 855
3215 657
2010 943
100 326
3351 439
11411 90
13803 376
15523 485
13812 348
8935 674
2188 846
1641 43
7008 298
3188 996
7883 676
2426 494
6499 801
10142 396
9615 873
6146 645
815 372
12614 97
9316 344
9325 287
7059 324
488 871
13481 176
5641 208
8865 109
15075 379
15256 277
4720 314
2733 374
12086 171
6926 135
2671 261
15378 604
4181 957
4836 994
15932 342
11357 555
732 837
371 477
11205 555
10737 599
3342 368
5195 157
13626 655
4746 447
13577 832
7589 695
14948 790
11123 152
15771 598
12225 342
9675 813
11768 503
14298 978
12315 46
965 915
13196 818
14922 575
10134 667
5909 208
1961 758
6143 45
15324 834
627 750
6097 933
8283 834
11746 638
7782 169
7956 647
1531 470
11228 31
9200 392
4568 17
6462 173
14084 194
11404 148
13679 122
9649 755
4515 379
5384 644
6263 203
12989 584
13448 474
9632 35
8729 250
7552 868
9192 239
8027 479
2287 224
8052 642
8682 735
14238 72
2881 334
15010 515
40 330
15774 22
15884 986
6133 427
15412 60
14381 284
6518 316
9975 941
98 762
9060 512
14313 423
578 754
2445 647
11234 717
4580 651
10488 395
12516 93
8688 567
4959 724
5433 242
10175 453
10389 92
5392 379
14225 25
2012 452
5641 477
6274 394
5198 734
2856 407
14043 723
6322 386
9821 741
14438 884
10884 260
12919 652
5645 741
2009 81
5665 576
13756 217
10657 951
6820 841
13915 245
4338 9
5866 977
12903 780
12395 176
5853 519
3941 347
4370 928
5566 360
15195 811
4028 387
6835 284
6427 54
6940 267
2237 223
15203 783
8675 692
14855 797
8556 910
11808 70
15093 445
9044 353
3831 341
15680 100
8060 211
2430 503
13957 505
1371 911
13910 990
1113 914
1661 635
14121 31
15446 191
2235 697
6668 459
13062 889
13527 705
6673 45
12877 873
8576 448
3163 758
14847 383
4326 89
14862 171
1886 174
13973 642
9649 485
9417 838
7003 555
1263 479
5285 652
1311 267
77 959
15759 105
9927 159
15713 969
1220 855
7568 529
10423 349
3371 372
2050 487
13622 34
13547 742
4904 350
14280 758
100 661
81 546
2023 117
2696 590
8646 391
7996 126
5303 367
2620 62
12527 922
1178 297
7173 988
1352 10
12693 106
7479 244
15039 751
3353 634
4971 410
12083 337
1358 387
6598 99
6993 377
13952 135
5631 203
6989 341
11436 310
2166 121
9161 421
5282 670
13950 585
3097 333
399 914
10006 97
7651 497
10129 552
515 63
14547 659
10911 226
1625 886
10949 693
2810 256
14547 863
6872 3
6259 210
6976 513
4506 937
15077 832
14290 514
5808 228
10818 712
10539 244
12254 781
662 565
1287 399
7818 787
8667 27
14210 797
13370 770
8336 876
12827 175
3484 124
7207 936
4059 16
7290 234
7083 811
5393 22
11263 719
8586 308
6691 808
9746 436
1698 149
4726 988
3041 703
2869 448
1371 87
10743 670
14850 437
3006 516
3093 759
8365 695
12457 45
11852 975
10995 870
15235 749
9901 340
14016 975
7040 998
9330 785
484 422
3280 630
7484 558
2244 717
11563 609
4888 447
13311 684
6653 287
6600 561
13134 843
2590 896
3391 810
1051 127
5912 75
15740 449
13707 175
7030 794
13613 377
12832 104
2725 698
696 28
2696 430
455 988
5652 791
9676 329
8705 329
8568 575
4347 163
6861 274
13245 528
5091 447
2471 592
9816 507
8457 943
13762 765
10688 25
617 487
10286 207
6787 873
8125 374
14314 981
6087 129
6284 545
12091 960
13994 527
1624 892
2221 542
13028 269
2000 508
563 361
14488 555
9809 768
6457 542
13943 867
1910 323
7065 967
2544 647
